0 0 0 1.35545
0 0 1 1.32708
0 0 2 1.29976
0 0 3 1.27352
0 0 4 1.24843
0 0 5 1.22454
0 0 6 1.20191
0 0 7 1.18059
0 0 8 1.16065
0 0 9 1.14212
0 0 10 1.12508
0 0 11 1.10957
0 0 12 1.09564
0 0 13 1.08334
0 0 14 1.07271
0 0 15 1.0638
0 0 16 1.05662
0 0 17 1.05121
0 0 18 1.0476
0 0 19 1.04578
0 0 20 1.04578
0 0 21 1.0476
0 0 22 1.05121
0 0 23 1.05662
0 0 24 1.0638
0 0 25 1.07271
0 0 26 1.08334
0 0 27 1.09564
0 0 28 1.10957
0 0 29 1.12508
0 0 30 1.14212
0 0 31 1.16065
0 0 32 1.18059
0 0 33 1.20191
0 0 34 1.22454
0 0 35 1.24843
0 0 36 1.27352
0 0 37 1.29976
0 0 38 1.32708
0 0 39 1.35545
0 0 40 1.3848
0 1 0 1.32708
0 1 1 1.29823
0 1 2 1.27041
0 1 3 1.24368
0 1 4 1.21811
0 1 5 1.19375
0 1 6 1.17065
0 1 7 1.14889
0 1 8 1.12851
0 1 9 1.10957
0 1 10 1.09214
0 1 11 1.07627
0 1 12 1.062
0 1 13 1.04941
0 1 14 1.03851
0 1 15 1.02937
0 1 16 1.02201
0 1 17 1.01647
0 1 18 1.01276
0 1 19 1.0109
0 1 20 1.0109
0 1 21 1.01276
0 1 22 1.01647
0 1 23 1.02201
0 1 24 1.02937
0 1 25 1.03851
0 1 26 1.04941
0 1 27 1.062
0 1 28 1.07627
0 1 29 1.09214
0 1 30 1.10957
0 1 31 1.12851
0 1 32 1.14889
0 1 33 1.17065
0 1 34 1.19375
0 1 35 1.21811
0 1 36 1.24368
0 1 37 1.27041
0 1 38 1.29823
0 1 39 1.32708
0 1 40 1.35693
0 2 0 1.29976
0 2 1 1.27041
0 2 2 1.2421
0 2 3 1.21488
0 2 4 1.18883
0 2 5 1.16399
0 2 6 1.14043
0 2 7 1.11821
0 2 8 1.09739
0 2 9 1.07804
0 2 10 1.06021
0 2 11 1.04397
0 2 12 1.02937
0 2 13 1.01647
0 2 14 1.00531
0 2 15 0.995939
0 2 16 0.988394
0 2 17 0.982707
0 2 18 0.978902
0 2 19 0.976996
0 2 20 0.976996
0 2 21 0.978902
0 2 22 0.982707
0 2 23 0.988394
0 2 24 0.995939
0 2 25 1.00531
0 2 26 1.01647
0 2 27 1.02937
0 2 28 1.04397
0 2 29 1.06021
0 2 30 1.07804
0 2 31 1.09739
0 2 32 1.11821
0 2 33 1.14043
0 2 34 1.16399
0 2 35 1.18883
0 2 36 1.21488
0 2 37 1.2421
0 2 38 1.27041
0 2 39 1.29976
0 2 40 1.33009
0 3 0 1.27352
0 3 1 1.24368
0 3 2 1.21488
0 3 3 1.18719
0 3 4 1.16065
0 3 5 1.13533
0 3 6 1.1113
0 3 7 1.08863
0 3 8 1.06737
0 3 9 1.0476
0 3 10 1.02937
0 3 11 1.01276
0 3 12 0.997818
0 3 13 0.984606
0 3 14 0.973174
0 3 15 0.963571
0 3 16 0.955837
0 3 17 0.950006
0 3 18 0.946104
0 3 19 0.944149
0 3 20 0.944149
0 3 21 0.946104
0 3 22 0.950006
0 3 23 0.955837
0 3 24 0.963571
0 3 25 0.973174
0 3 26 0.984606
0 3 27 0.997818
0 3 28 1.01276
0 3 29 1.02937
0 3 30 1.0476
0 3 31 1.06737
0 3 32 1.08863
0 3 33 1.1113
0 3 34 1.13533
0 3 35 1.16065
0 3 36 1.18719
0 3 37 1.21488
0 3 38 1.24368
0 3 39 1.27352
0 3 40 1.30434
0 4 0 1.24843
0 4 1 1.21811
0 4 2 1.18883
0 4 3 1.16065
0 4 4 1.13363
0 4 5 1.10784
0 4 6 1.08334
0 4 7 1.06021
0 4 8 1.03851
0 4 9 1.01832
0 4 10 0.999695
0 4 11 0.982707
0 4 12 0.967421
0 4 13 0.953897
0 4 14 0.94219
0 4 15 0.932352
0 4 16 0.924426
0 4 17 0.918449
0 4 18 0.914448
0 4 19 0.912443
0 4 20 0.912443
0 4 21 0.914448
0 4 22 0.918449
0 4 23 0.924426
0 4 24 0.932352
0 4 25 0.94219
0 4 26 0.953897
0 4 27 0.967421
0 4 28 0.982707
0 4 29 0.999695
0 4 30 1.01832
0 4 31 1.03851
0 4 32 1.06021
0 4 33 1.08334
0 4 34 1.10784
0 4 35 1.13363
0 4 36 1.16065
0 4 37 1.18883
0 4 38 1.21811
0 4 39 1.24843
0 4 40 1.27973
0 5 0 1.22454
0 5 1 1.19375
0 5 2 1.16399
0 5 3 1.13533
0 5 4 1.10784
0 5 5 1.08158
0 5 6 1.05662
0 5 7 1.03304
0 5 8 1.0109
0 5 9 0.990284
0 5 10 0.971259
0 5 11 0.953897
0 5 12 0.938264
0 5 13 0.924426
0 5 14 0.912443
0 5 15 0.902368
0 5 16 0.894248
0 5 17 0.888123
0 5 18 0.884023
0 5 19 0.881968
0 5 20 0.881968
0 5 21 0.884023
0 5 22 0.888123
0 5 23 0.894248
0 5 24 0.902368
0 5 25 0.912443
0 5 26 0.924426
0 5 27 0.938264
0 5 28 0.953897
0 5 29 0.971259
0 5 30 0.990284
0 5 31 1.0109
0 5 32 1.03304
0 5 33 1.05662
0 5 34 1.08158
0 5 35 1.10784
0 5 36 1.13533
0 5 37 1.16399
0 5 38 1.19375
0 5 39 1.22454
0 5 40 1.25631
0 6 0 1.20191
0 6 1 1.17065
0 6 2 1.14043
0 6 3 1.1113
0 6 4 1.08334
0 6 5 1.05662
0 6 6 1.03121
0 6 7 1.00718
0 6 8 0.984606
0 6 9 0.963571
0 6 10 0.944149
0 6 11 0.926412
0 6 12 0.910434
0 6 13 0.896283
0 6 14 0.884023
0 6 15 0.873711
0 6 16 0.865397
0 6 17 0.859124
0 6 18 0.854923
0 6 19 0.852818
0 6 20 0.852818
0 6 21 0.854923
0 6 22 0.859124
0 6 23 0.865397
0 6 24 0.873711
0 6 25 0.884023
0 6 26 0.896283
0 6 27 0.910434
0 6 28 0.926412
0 6 29 0.944149
0 6 30 0.963571
0 6 31 0.984606
0 6 32 1.00718
0 6 33 1.03121
0 6 34 1.05662
0 6 35 1.08334
0 6 36 1.1113
0 6 37 1.14043
0 6 38 1.17065
0 6 39 1.20191
0 6 40 1.23414
0 7 0 1.18059
0 7 1 1.14889
0 7 2 1.11821
0 7 3 1.08863
0 7 4 1.06021
0 7 5 1.03304
0 7 6 1.00718
0 7 7 0.982707
0 7 8 0.95971
0 7 9 0.938264
0 7 10 0.918449
0 7 11 0.900343
0 7 12 0.884023
0 7 13 0.869561
0 7 14 0.857026
0 7 15 0.846478
0 7 16 0.837971
0 7 17 0.83155
0 7 18 0.82725
0 7 19 0.825093
0 7 20 0.825093
0 7 21 0.82725
0 7 22 0.83155
0 7 23 0.837971
0 7 24 0.846478
0 7 25 0.857026
0 7 26 0.869561
0 7 27 0.884023
0 7 28 0.900343
0 7 29 0.918449
0 7 30 0.938264
0 7 31 0.95971
0 7 32 0.982707
0 7 33 1.00718
0 7 34 1.03304
0 7 35 1.06021
0 7 36 1.08863
0 7 37 1.11821
0 7 38 1.14889
0 7 39 1.18059
0 7 40 1.21327
0 8 0 1.16065
0 8 1 1.12851
0 8 2 1.09739
0 8 3 1.06737
0 8 4 1.03851
0 8 5 1.0109
0 8 6 0.984606
0 8 7 0.95971
0 8 8 0.936296
0 8 9 0.914448
0 8 10 0.894248
0 8 11 0.87578
0 8 12 0.859124
0 8 13 0.844357
0 8 14 0.83155
0 8 15 0.820769
0 8 16 0.812071
0 8 17 0.805504
0 8 18 0.801105
0 8 19 0.798899
0 8 20 0.798899
0 8 21 0.801105
0 8 22 0.805504
0 8 23 0.812071
0 8 24 0.820769
0 8 25 0.83155
0 8 26 0.844357
0 8 27 0.859124
0 8 28 0.87578
0 8 29 0.894248
0 8 30 0.914448
0 8 31 0.936296
0 8 32 0.95971
0 8 33 0.984606
0 8 34 1.0109
0 8 35 1.03851
0 8 36 1.06737
0 8 37 1.09739
0 8 38 1.12851
0 8 39 1.16065
0 8 40 1.19375
0 9 0 1.14212
0 9 1 1.10957
0 9 2 1.07804
0 9 3 1.0476
0 9 4 1.01832
0 9 5 0.990284
0 9 6 0.963571
0 9 7 0.938264
0 9 8 0.914448
0 9 9 0.89221
0 9 10 0.871638
0 9 11 0.852818
0 9 12 0.835834
0 9 13 0.820769
0 9 14 0.807697
0 9 15 0.796689
0 9 16 0.787804
0 9 17 0.781094
0 9 18 0.776599
0 9 19 0.774344
0 9 20 0.774344
0 9 21 0.776599
0 9 22 0.781094
0 9 23 0.787804
0 9 24 0.796689
0 9 25 0.807697
0 9 26 0.820769
0 9 27 0.835834
0 9 28 0.852818
0 9 29 0.871638
0 9 30 0.89221
0 9 31 0.914448
0 9 32 0.938264
0 9 33 0.963571
0 9 34 0.990284
0 9 35 1.01832
0 9 36 1.0476
0 9 37 1.07804
0 9 38 1.10957
0 9 39 1.14212
0 9 40 1.17563
0 10 0 1.12508
0 10 1 1.09214
0 10 2 1.06021
0 10 3 1.02937
0 10 4 0.999695
0 10 5 0.971259
0 10 6 0.944149
0 10 7 0.918449
0 10 8 0.894248
0 10 9 0.871638
0 10 10 0.850708
0 10 11 0.83155
0 10 12 0.814252
0 10 13 0.798899
0 10 14 0.785572
0 10 15 0.774344
0 10 16 0.765279
0 10 17 0.75843
0 10 18 0.753841
0 10 19 0.751539
0 10 20 0.751539
0 10 21 0.753841
0 10 22 0.75843
0 10 23 0.765279
0 10 24 0.774344
0 10 25 0.785572
0 10 26 0.798899
0 10 27 0.814252
0 10 28 0.83155
0 10 29 0.850708
0 10 30 0.871638
0 10 31 0.894248
0 10 32 0.918449
0 10 33 0.944149
0 10 34 0.971259
0 10 35 0.999695
0 10 36 1.02937
0 10 37 1.06021
0 10 38 1.09214
0 10 39 1.12508
0 10 40 1.15897
0 11 0 1.10957
0 11 1 1.07627
0 11 2 1.04397
0 11 3 1.01276
0 11 4 0.982707
0 11 5 0.953897
0 11 6 0.926412
0 11 7 0.900343
0 11 8 0.87578
0 11 9 0.852818
0 11 10 0.83155
0 11 11 0.812071
0 11 12 0.794474
0 11 13 0.778849
0 11 14 0.765279
0 11 15 0.753841
0 11 16 0.744603
0 11 17 0.737622
0 11 18 0.732943
0 11 19 0.730596
0 11 20 0.730596
0 11 21 0.732943
0 11 22 0.737622
0 11 23 0.744603
0 11 24 0.753841
0 11 25 0.765279
0 11 26 0.778849
0 11 27 0.794474
0 11 28 0.812071
0 11 29 0.83155
0 11 30 0.852818
0 11 31 0.87578
0 11 32 0.900343
0 11 33 0.926412
0 11 34 0.953897
0 11 35 0.982707
0 11 36 1.01276
0 11 37 1.04397
0 11 38 1.07627
0 11 39 1.10957
0 11 40 1.14382
0 12 0 1.09564
0 12 1 1.062
0 12 2 1.02937
0 12 3 0.997818
0 12 4 0.967421
0 12 5 0.938264
0 12 6 0.910434
0 12 7 0.884023
0 12 8 0.859124
0 12 9 0.835834
0 12 10 0.814252
0 12 11 0.794474
0 12 12 0.776599
0 12 13 0.760718
0 12 14 0.74692
0 12 15 0.735286
0 12 16 0.725886
0 12 17 0.718781
0 12 18 0.714018
0 12 19 0.711628
0 12 20 0.711628
0 12 21 0.714018
0 12 22 0.718781
0 12 23 0.725886
0 12 24 0.735286
0 12 25 0.74692
0 12 26 0.760718
0 12 27 0.776599
0 12 28 0.794474
0 12 29 0.814252
0 12 30 0.835834
0 12 31 0.859124
0 12 32 0.884023
0 12 33 0.910434
0 12 34 0.938264
0 12 35 0.967421
0 12 36 0.997818
0 12 37 1.02937
0 12 38 1.062
0 12 39 1.09564
0 12 40 1.13021
0 13 0 1.08334
0 13 1 1.04941
0 13 2 1.01647
0 13 3 0.984606
0 13 4 0.953897
0 13 5 0.924426
0 13 6 0.896283
0 13 7 0.869561
0 13 8 0.844357
0 13 9 0.820769
0 13 10 0.798899
0 13 11 0.778849
0 13 12 0.760718
0 13 13 0.744603
0 13 14 0.730596
0 13 15 0.718781
0 13 16 0.709233
0 13 17 0.702014
0 13 18 0.697173
0 13 19 0.694744
0 13 20 0.694744
0 13 21 0.697173
0 13 22 0.702014
0 13 23 0.709233
0 13 24 0.718781
0 13 25 0.730596
0 13 26 0.744603
0 13 27 0.760718
0 13 28 0.778849
0 13 29 0.798899
0 13 30 0.820769
0 13 31 0.844357
0 13 32 0.869561
0 13 33 0.896283
0 13 34 0.924426
0 13 35 0.953897
0 13 36 0.984606
0 13 37 1.01647
0 13 38 1.04941
0 13 39 1.08334
0 13 40 1.11821
0 14 0 1.07271
0 14 1 1.03851
0 14 2 1.00531
0 14 3 0.973174
0 14 4 0.94219
0 14 5 0.912443
0 14 6 0.884023
0 14 7 0.857026
0 14 8 0.83155
0 14 9 0.807697
0 14 10 0.785572
0 14 11 0.765279
0 14 12 0.74692
0 14 13 0.730596
0 14 14 0.716402
0 14 15 0.704426
0 14 16 0.694744
0 14 17 0.687423
0 14 18 0.682513
0 14 19 0.680048
0 14 20 0.680048
0 14 21 0.682513
0 14 22 0.687423
0 14 23 0.694744
0 14 24 0.704426
0 14 25 0.716402
0 14 26 0.730596
0 14 27 0.74692
0 14 28 0.765279
0 14 29 0.785572
0 14 30 0.807697
0 14 31 0.83155
0 14 32 0.857026
0 14 33 0.884023
0 14 34 0.912443
0 14 35 0.94219
0 14 36 0.973174
0 14 37 1.00531
0 14 38 1.03851
0 14 39 1.07271
0 14 40 1.10784
0 15 0 1.0638
0 15 1 1.02937
0 15 2 0.995939
0 15 3 0.963571
0 15 4 0.932352
0 15 5 0.902368
0 15 6 0.873711
0 15 7 0.846478
0 15 8 0.820769
0 15 9 0.796689
0 15 10 0.774344
0 15 11 0.753841
0 15 12 0.735286
0 15 13 0.718781
0 15 14 0.704426
0 15 15 0.69231
0 15 16 0.682513
0 15 17 0.675102
0 15 18 0.670132
0 15 19 0.667637
0 15 20 0.667637
0 15 21 0.670132
0 15 22 0.675102
0 15 23 0.682513
0 15 24 0.69231
0 15 25 0.704426
0 15 26 0.718781
0 15 27 0.735286
0 15 28 0.753841
0 15 29 0.774344
0 15 30 0.796689
0 15 31 0.820769
0 15 32 0.846478
0 15 33 0.873711
0 15 34 0.902368
0 15 35 0.932352
0 15 36 0.963571
0 15 37 0.995939
0 15 38 1.02937
0 15 39 1.0638
0 15 40 1.09914
0 16 0 1.05662
0 16 1 1.02201
0 16 2 0.988394
0 16 3 0.955837
0 16 4 0.924426
0 16 5 0.894248
0 16 6 0.865397
0 16 7 0.837971
0 16 8 0.812071
0 16 9 0.787804
0 16 10 0.765279
0 16 11 0.744603
0 16 12 0.725886
0 16 13 0.709233
0 16 14 0.694744
0 16 15 0.682513
0 16 16 0.67262
0 16 17 0.665136
0 16 18 0.660116
0 16 19 0.657596
0 16 20 0.657596
0 16 21 0.660116
0 16 22 0.665136
0 16 23 0.67262
0 16 24 0.682513
0 16 25 0.694744
0 16 26 0.709233
0 16 27 0.725886
0 16 28 0.744603
0 16 29 0.765279
0 16 30 0.787804
0 16 31 0.812071
0 16 32 0.837971
0 16 33 0.865397
0 16 34 0.894248
0 16 35 0.924426
0 16 36 0.955837
0 16 37 0.988394
0 16 38 1.02201
0 16 39 1.05662
0 16 40 1.09214
0 17 0 1.05121
0 17 1 1.01647
0 17 2 0.982707
0 17 3 0.950006
0 17 4 0.918449
0 17 5 0.888123
0 17 6 0.859124
0 17 7 0.83155
0 17 8 0.805504
0 17 9 0.781094
0 17 10 0.75843
0 17 11 0.737622
0 17 12 0.718781
0 17 13 0.702014
0 17 14 0.687423
0 17 15 0.675102
0 17 16 0.665136
0 17 17 0.657596
0 17 18 0.652537
0 17 19 0.649998
0 17 20 0.649998
0 17 21 0.652537
0 17 22 0.657596
0 17 23 0.665136
0 17 24 0.675102
0 17 25 0.687423
0 17 26 0.702014
0 17 27 0.718781
0 17 28 0.737623
0 17 29 0.75843
0 17 30 0.781094
0 17 31 0.805504
0 17 32 0.83155
0 17 33 0.859124
0 17 34 0.888123
0 17 35 0.918449
0 17 36 0.950006
0 17 37 0.982707
0 17 38 1.01647
0 17 39 1.05121
0 17 40 1.08687
0 18 0 1.0476
0 18 1 1.01276
0 18 2 0.978902
0 18 3 0.946104
0 18 4 0.914448
0 18 5 0.884023
0 18 6 0.854923
0 18 7 0.82725
0 18 8 0.801105
0 18 9 0.776599
0 18 10 0.753841
0 18 11 0.732943
0 18 12 0.714018
0 18 13 0.697173
0 18 14 0.682513
0 18 15 0.670132
0 18 16 0.660116
0 18 17 0.652537
0 18 18 0.647452
0 18 19 0.6449
0 18 20 0.6449
0 18 21 0.647452
0 18 22 0.652537
0 18 23 0.660116
0 18 24 0.670132
0 18 25 0.682513
0 18 26 0.697173
0 18 27 0.714018
0 18 28 0.732944
0 18 29 0.753841
0 18 30 0.776599
0 18 31 0.801105
0 18 32 0.82725
0 18 33 0.854923
0 18 34 0.884023
0 18 35 0.914448
0 18 36 0.946104
0 18 37 0.978902
0 18 38 1.01276
0 18 39 1.0476
0 18 40 1.08334
0 19 0 1.04578
0 19 1 1.0109
0 19 2 0.976996
0 19 3 0.944149
0 19 4 0.912443
0 19 5 0.881968
0 19 6 0.852818
0 19 7 0.825093
0 19 8 0.798899
0 19 9 0.774344
0 19 10 0.751539
0 19 11 0.730596
0 19 12 0.711628
0 19 13 0.694744
0 19 14 0.680048
0 19 15 0.667637
0 19 16 0.657596
0 19 17 0.649998
0 19 18 0.6449
0 19 19 0.642341
0 19 20 0.642341
0 19 21 0.6449
0 19 22 0.649998
0 19 23 0.657596
0 19 24 0.667637
0 19 25 0.680048
0 19 26 0.694744
0 19 27 0.711628
0 19 28 0.730596
0 19 29 0.751539
0 19 30 0.774344
0 19 31 0.798899
0 19 32 0.825093
0 19 33 0.852818
0 19 34 0.881968
0 19 35 0.912443
0 19 36 0.944149
0 19 37 0.976996
0 19 38 1.0109
0 19 39 1.04578
0 19 40 1.08158
0 20 0 1.04578
0 20 1 1.0109
0 20 2 0.976996
0 20 3 0.944149
0 20 4 0.912443
0 20 5 0.881968
0 20 6 0.852818
0 20 7 0.825093
0 20 8 0.798899
0 20 9 0.774344
0 20 10 0.751539
0 20 11 0.730596
0 20 12 0.711628
0 20 13 0.694744
0 20 14 0.680048
0 20 15 0.667637
0 20 16 0.657596
0 20 17 0.649998
0 20 18 0.6449
0 20 19 0.642341
0 20 20 0.642341
0 20 21 0.6449
0 20 22 0.649998
0 20 23 0.657596
0 20 24 0.667637
0 20 25 0.680048
0 20 26 0.694744
0 20 27 0.711628
0 20 28 0.730596
0 20 29 0.751539
0 20 30 0.774344
0 20 31 0.798899
0 20 32 0.825093
0 20 33 0.852818
0 20 34 0.881968
0 20 35 0.912443
0 20 36 0.944149
0 20 37 0.976996
0 20 38 1.0109
0 20 39 1.04578
0 20 40 1.08158
0 21 0 1.0476
0 21 1 1.01276
0 21 2 0.978902
0 21 3 0.946104
0 21 4 0.914448
0 21 5 0.884023
0 21 6 0.854923
0 21 7 0.82725
0 21 8 0.801105
0 21 9 0.776599
0 21 10 0.753841
0 21 11 0.732943
0 21 12 0.714018
0 21 13 0.697173
0 21 14 0.682513
0 21 15 0.670132
0 21 16 0.660116
0 21 17 0.652537
0 21 18 0.647452
0 21 19 0.6449
0 21 20 0.6449
0 21 21 0.647452
0 21 22 0.652537
0 21 23 0.660116
0 21 24 0.670132
0 21 25 0.682513
0 21 26 0.697173
0 21 27 0.714018
0 21 28 0.732944
0 21 29 0.753841
0 21 30 0.776599
0 21 31 0.801105
0 21 32 0.82725
0 21 33 0.854923
0 21 34 0.884023
0 21 35 0.914448
0 21 36 0.946104
0 21 37 0.978902
0 21 38 1.01276
0 21 39 1.0476
0 21 40 1.08334
0 22 0 1.05121
0 22 1 1.01647
0 22 2 0.982707
0 22 3 0.950006
0 22 4 0.918449
0 22 5 0.888123
0 22 6 0.859124
0 22 7 0.83155
0 22 8 0.805504
0 22 9 0.781094
0 22 10 0.75843
0 22 11 0.737622
0 22 12 0.718781
0 22 13 0.702014
0 22 14 0.687423
0 22 15 0.675102
0 22 16 0.665136
0 22 17 0.657596
0 22 18 0.652537
0 22 19 0.649998
0 22 20 0.649998
0 22 21 0.652537
0 22 22 0.657596
0 22 23 0.665136
0 22 24 0.675102
0 22 25 0.687423
0 22 26 0.702014
0 22 27 0.718781
0 22 28 0.737623
0 22 29 0.75843
0 22 30 0.781094
0 22 31 0.805504
0 22 32 0.83155
0 22 33 0.859124
0 22 34 0.888123
0 22 35 0.918449
0 22 36 0.950006
0 22 37 0.982707
0 22 38 1.01647
0 22 39 1.05121
0 22 40 1.08687
0 23 0 1.05662
0 23 1 1.02201
0 23 2 0.988394
0 23 3 0.955837
0 23 4 0.924426
0 23 5 0.894248
0 23 6 0.865397
0 23 7 0.837971
0 23 8 0.812071
0 23 9 0.787804
0 23 10 0.765279
0 23 11 0.744603
0 23 12 0.725886
0 23 13 0.709233
0 23 14 0.694744
0 23 15 0.682513
0 23 16 0.67262
0 23 17 0.665136
0 23 18 0.660116
0 23 19 0.657596
0 23 20 0.657596
0 23 21 0.660116
0 23 22 0.665136
0 23 23 0.67262
0 23 24 0.682513
0 23 25 0.694744
0 23 26 0.709233
0 23 27 0.725886
0 23 28 0.744603
0 23 29 0.765279
0 23 30 0.787804
0 23 31 0.812071
0 23 32 0.837971
0 23 33 0.865397
0 23 34 0.894248
0 23 35 0.924426
0 23 36 0.955837
0 23 37 0.988394
0 23 38 1.02201
0 23 39 1.05662
0 23 40 1.09214
0 24 0 1.0638
0 24 1 1.02937
0 24 2 0.995939
0 24 3 0.963571
0 24 4 0.932352
0 24 5 0.902368
0 24 6 0.873711
0 24 7 0.846478
0 24 8 0.820769
0 24 9 0.796689
0 24 10 0.774344
0 24 11 0.753841
0 24 12 0.735286
0 24 13 0.718781
0 24 14 0.704426
0 24 15 0.69231
0 24 16 0.682513
0 24 17 0.675102
0 24 18 0.670132
0 24 19 0.667637
0 24 20 0.667637
0 24 21 0.670132
0 24 22 0.675102
0 24 23 0.682513
0 24 24 0.69231
0 24 25 0.704426
0 24 26 0.718781
0 24 27 0.735286
0 24 28 0.753841
0 24 29 0.774344
0 24 30 0.796689
0 24 31 0.820769
0 24 32 0.846478
0 24 33 0.873711
0 24 34 0.902368
0 24 35 0.932352
0 24 36 0.963571
0 24 37 0.995939
0 24 38 1.02937
0 24 39 1.0638
0 24 40 1.09914
0 25 0 1.07271
0 25 1 1.03851
0 25 2 1.00531
0 25 3 0.973174
0 25 4 0.94219
0 25 5 0.912443
0 25 6 0.884023
0 25 7 0.857026
0 25 8 0.83155
0 25 9 0.807697
0 25 10 0.785572
0 25 11 0.765279
0 25 12 0.74692
0 25 13 0.730596
0 25 14 0.716402
0 25 15 0.704426
0 25 16 0.694744
0 25 17 0.687423
0 25 18 0.682513
0 25 19 0.680048
0 25 20 0.680048
0 25 21 0.682513
0 25 22 0.687423
0 25 23 0.694744
0 25 24 0.704426
0 25 25 0.716402
0 25 26 0.730596
0 25 27 0.74692
0 25 28 0.765279
0 25 29 0.785572
0 25 30 0.807697
0 25 31 0.83155
0 25 32 0.857026
0 25 33 0.884023
0 25 34 0.912443
0 25 35 0.94219
0 25 36 0.973174
0 25 37 1.00531
0 25 38 1.03851
0 25 39 1.07271
0 25 40 1.10784
0 26 0 1.08334
0 26 1 1.04941
0 26 2 1.01647
0 26 3 0.984606
0 26 4 0.953897
0 26 5 0.924426
0 26 6 0.896283
0 26 7 0.869561
0 26 8 0.844357
0 26 9 0.820769
0 26 10 0.798899
0 26 11 0.778849
0 26 12 0.760718
0 26 13 0.744603
0 26 14 0.730596
0 26 15 0.718781
0 26 16 0.709233
0 26 17 0.702014
0 26 18 0.697173
0 26 19 0.694744
0 26 20 0.694744
0 26 21 0.697173
0 26 22 0.702014
0 26 23 0.709233
0 26 24 0.718781
0 26 25 0.730596
0 26 26 0.744603
0 26 27 0.760718
0 26 28 0.778849
0 26 29 0.798899
0 26 30 0.820769
0 26 31 0.844357
0 26 32 0.869561
0 26 33 0.896283
0 26 34 0.924426
0 26 35 0.953897
0 26 36 0.984606
0 26 37 1.01647
0 26 38 1.04941
0 26 39 1.08334
0 26 40 1.11821
0 27 0 1.09564
0 27 1 1.062
0 27 2 1.02937
0 27 3 0.997818
0 27 4 0.967421
0 27 5 0.938264
0 27 6 0.910434
0 27 7 0.884023
0 27 8 0.859124
0 27 9 0.835834
0 27 10 0.814252
0 27 11 0.794474
0 27 12 0.776599
0 27 13 0.760718
0 27 14 0.74692
0 27 15 0.735286
0 27 16 0.725886
0 27 17 0.718781
0 27 18 0.714018
0 27 19 0.711628
0 27 20 0.711628
0 27 21 0.714018
0 27 22 0.718781
0 27 23 0.725886
0 27 24 0.735286
0 27 25 0.74692
0 27 26 0.760718
0 27 27 0.776599
0 27 28 0.794474
0 27 29 0.814252
0 27 30 0.835834
0 27 31 0.859124
0 27 32 0.884023
0 27 33 0.910434
0 27 34 0.938264
0 27 35 0.967421
0 27 36 0.997818
0 27 37 1.02937
0 27 38 1.062
0 27 39 1.09564
0 27 40 1.13021
0 28 0 1.10957
0 28 1 1.07627
0 28 2 1.04397
0 28 3 1.01276
0 28 4 0.982707
0 28 5 0.953897
0 28 6 0.926412
0 28 7 0.900343
0 28 8 0.87578
0 28 9 0.852818
0 28 10 0.83155
0 28 11 0.812071
0 28 12 0.794474
0 28 13 0.778849
0 28 14 0.765279
0 28 15 0.753841
0 28 16 0.744603
0 28 17 0.737623
0 28 18 0.732944
0 28 19 0.730596
0 28 20 0.730596
0 28 21 0.732944
0 28 22 0.737623
0 28 23 0.744603
0 28 24 0.753841
0 28 25 0.765279
0 28 26 0.778849
0 28 27 0.794474
0 28 28 0.812071
0 28 29 0.83155
0 28 30 0.852818
0 28 31 0.87578
0 28 32 0.900343
0 28 33 0.926412
0 28 34 0.953897
0 28 35 0.982707
0 28 36 1.01276
0 28 37 1.04397
0 28 38 1.07627
0 28 39 1.10957
0 28 40 1.14382
0 29 0 1.12508
0 29 1 1.09214
0 29 2 1.06021
0 29 3 1.02937
0 29 4 0.999695
0 29 5 0.971259
0 29 6 0.944149
0 29 7 0.918449
0 29 8 0.894248
0 29 9 0.871638
0 29 10 0.850708
0 29 11 0.83155
0 29 12 0.814252
0 29 13 0.798899
0 29 14 0.785572
0 29 15 0.774344
0 29 16 0.765279
0 29 17 0.75843
0 29 18 0.753841
0 29 19 0.751539
0 29 20 0.751539
0 29 21 0.753841
0 29 22 0.75843
0 29 23 0.765279
0 29 24 0.774344
0 29 25 0.785572
0 29 26 0.798899
0 29 27 0.814252
0 29 28 0.83155
0 29 29 0.850708
0 29 30 0.871638
0 29 31 0.894248
0 29 32 0.918449
0 29 33 0.944149
0 29 34 0.971259
0 29 35 0.999695
0 29 36 1.02937
0 29 37 1.06021
0 29 38 1.09214
0 29 39 1.12508
0 29 40 1.15897
0 30 0 1.14212
0 30 1 1.10957
0 30 2 1.07804
0 30 3 1.0476
0 30 4 1.01832
0 30 5 0.990284
0 30 6 0.963571
0 30 7 0.938264
0 30 8 0.914448
0 30 9 0.89221
0 30 10 0.871638
0 30 11 0.852818
0 30 12 0.835834
0 30 13 0.820769
0 30 14 0.807697
0 30 15 0.796689
0 30 16 0.787804
0 30 17 0.781094
0 30 18 0.776599
0 30 19 0.774344
0 30 20 0.774344
0 30 21 0.776599
0 30 22 0.781094
0 30 23 0.787804
0 30 24 0.796689
0 30 25 0.807697
0 30 26 0.820769
0 30 27 0.835834
0 30 28 0.852818
0 30 29 0.871638
0 30 30 0.89221
0 30 31 0.914448
0 30 32 0.938264
0 30 33 0.963571
0 30 34 0.990284
0 30 35 1.01832
0 30 36 1.0476
0 30 37 1.07804
0 30 38 1.10957
0 30 39 1.14212
0 30 40 1.17563
0 31 0 1.16065
0 31 1 1.12851
0 31 2 1.09739
0 31 3 1.06737
0 31 4 1.03851
0 31 5 1.0109
0 31 6 0.984606
0 31 7 0.95971
0 31 8 0.936296
0 31 9 0.914448
0 31 10 0.894248
0 31 11 0.87578
0 31 12 0.859124
0 31 13 0.844357
0 31 14 0.83155
0 31 15 0.820769
0 31 16 0.812071
0 31 17 0.805504
0 31 18 0.801105
0 31 19 0.798899
0 31 20 0.798899
0 31 21 0.801105
0 31 22 0.805504
0 31 23 0.812071
0 31 24 0.820769
0 31 25 0.83155
0 31 26 0.844357
0 31 27 0.859124
0 31 28 0.87578
0 31 29 0.894248
0 31 30 0.914448
0 31 31 0.936296
0 31 32 0.95971
0 31 33 0.984606
0 31 34 1.0109
0 31 35 1.03851
0 31 36 1.06737
0 31 37 1.09739
0 31 38 1.12851
0 31 39 1.16065
0 31 40 1.19375
0 32 0 1.18059
0 32 1 1.14889
0 32 2 1.11821
0 32 3 1.08863
0 32 4 1.06021
0 32 5 1.03304
0 32 6 1.00718
0 32 7 0.982707
0 32 8 0.95971
0 32 9 0.938264
0 32 10 0.918449
0 32 11 0.900343
0 32 12 0.884023
0 32 13 0.869561
0 32 14 0.857026
0 32 15 0.846478
0 32 16 0.837971
0 32 17 0.83155
0 32 18 0.82725
0 32 19 0.825093
0 32 20 0.825093
0 32 21 0.82725
0 32 22 0.83155
0 32 23 0.837971
0 32 24 0.846478
0 32 25 0.857026
0 32 26 0.869561
0 32 27 0.884023
0 32 28 0.900343
0 32 29 0.918449
0 32 30 0.938264
0 32 31 0.95971
0 32 32 0.982707
0 32 33 1.00718
0 32 34 1.03304
0 32 35 1.06021
0 32 36 1.08863
0 32 37 1.11821
0 32 38 1.14889
0 32 39 1.18059
0 32 40 1.21327
0 33 0 1.20191
0 33 1 1.17065
0 33 2 1.14043
0 33 3 1.1113
0 33 4 1.08334
0 33 5 1.05662
0 33 6 1.03121
0 33 7 1.00718
0 33 8 0.984606
0 33 9 0.963571
0 33 10 0.944149
0 33 11 0.926412
0 33 12 0.910434
0 33 13 0.896283
0 33 14 0.884023
0 33 15 0.873711
0 33 16 0.865397
0 33 17 0.859124
0 33 18 0.854923
0 33 19 0.852818
0 33 20 0.852818
0 33 21 0.854923
0 33 22 0.859124
0 33 23 0.865397
0 33 24 0.873711
0 33 25 0.884023
0 33 26 0.896283
0 33 27 0.910434
0 33 28 0.926412
0 33 29 0.944149
0 33 30 0.963571
0 33 31 0.984606
0 33 32 1.00718
0 33 33 1.03121
0 33 34 1.05662
0 33 35 1.08334
0 33 36 1.1113
0 33 37 1.14043
0 33 38 1.17065
0 33 39 1.20191
0 33 40 1.23414
0 34 0 1.22454
0 34 1 1.19375
0 34 2 1.16399
0 34 3 1.13533
0 34 4 1.10784
0 34 5 1.08158
0 34 6 1.05662
0 34 7 1.03304
0 34 8 1.0109
0 34 9 0.990284
0 34 10 0.971259
0 34 11 0.953897
0 34 12 0.938264
0 34 13 0.924426
0 34 14 0.912443
0 34 15 0.902368
0 34 16 0.894248
0 34 17 0.888123
0 34 18 0.884023
0 34 19 0.881968
0 34 20 0.881968
0 34 21 0.884023
0 34 22 0.888123
0 34 23 0.894248
0 34 24 0.902368
0 34 25 0.912443
0 34 26 0.924426
0 34 27 0.938264
0 34 28 0.953897
0 34 29 0.971259
0 34 30 0.990284
0 34 31 1.0109
0 34 32 1.03304
0 34 33 1.05662
0 34 34 1.08158
0 34 35 1.10784
0 34 36 1.13533
0 34 37 1.16399
0 34 38 1.19375
0 34 39 1.22454
0 34 40 1.25631
0 35 0 1.24843
0 35 1 1.21811
0 35 2 1.18883
0 35 3 1.16065
0 35 4 1.13363
0 35 5 1.10784
0 35 6 1.08334
0 35 7 1.06021
0 35 8 1.03851
0 35 9 1.01832
0 35 10 0.999695
0 35 11 0.982707
0 35 12 0.967421
0 35 13 0.953897
0 35 14 0.94219
0 35 15 0.932352
0 35 16 0.924426
0 35 17 0.918449
0 35 18 0.914448
0 35 19 0.912443
0 35 20 0.912443
0 35 21 0.914448
0 35 22 0.918449
0 35 23 0.924426
0 35 24 0.932352
0 35 25 0.94219
0 35 26 0.953897
0 35 27 0.967421
0 35 28 0.982707
0 35 29 0.999695
0 35 30 1.01832
0 35 31 1.03851
0 35 32 1.06021
0 35 33 1.08334
0 35 34 1.10784
0 35 35 1.13363
0 35 36 1.16065
0 35 37 1.18883
0 35 38 1.21811
0 35 39 1.24843
0 35 40 1.27973
0 36 0 1.27352
0 36 1 1.24368
0 36 2 1.21488
0 36 3 1.18719
0 36 4 1.16065
0 36 5 1.13533
0 36 6 1.1113
0 36 7 1.08863
0 36 8 1.06737
0 36 9 1.0476
0 36 10 1.02937
0 36 11 1.01276
0 36 12 0.997818
0 36 13 0.984606
0 36 14 0.973174
0 36 15 0.963571
0 36 16 0.955837
0 36 17 0.950006
0 36 18 0.946104
0 36 19 0.944149
0 36 20 0.944149
0 36 21 0.946104
0 36 22 0.950006
0 36 23 0.955837
0 36 24 0.963571
0 36 25 0.973174
0 36 26 0.984606
0 36 27 0.997818
0 36 28 1.01276
0 36 29 1.02937
0 36 30 1.0476
0 36 31 1.06737
0 36 32 1.08863
0 36 33 1.1113
0 36 34 1.13533
0 36 35 1.16065
0 36 36 1.18719
0 36 37 1.21488
0 36 38 1.24368
0 36 39 1.27352
0 36 40 1.30434
0 37 0 1.29976
0 37 1 1.27041
0 37 2 1.2421
0 37 3 1.21488
0 37 4 1.18883
0 37 5 1.16399
0 37 6 1.14043
0 37 7 1.11821
0 37 8 1.09739
0 37 9 1.07804
0 37 10 1.06021
0 37 11 1.04397
0 37 12 1.02937
0 37 13 1.01647
0 37 14 1.00531
0 37 15 0.995939
0 37 16 0.988394
0 37 17 0.982707
0 37 18 0.978902
0 37 19 0.976996
0 37 20 0.976996
0 37 21 0.978902
0 37 22 0.982707
0 37 23 0.988394
0 37 24 0.995939
0 37 25 1.00531
0 37 26 1.01647
0 37 27 1.02937
0 37 28 1.04397
0 37 29 1.06021
0 37 30 1.07804
0 37 31 1.09739
0 37 32 1.11821
0 37 33 1.14043
0 37 34 1.16399
0 37 35 1.18883
0 37 36 1.21488
0 37 37 1.2421
0 37 38 1.27041
0 37 39 1.29976
0 37 40 1.33009
0 38 0 1.32708
0 38 1 1.29823
0 38 2 1.27041
0 38 3 1.24368
0 38 4 1.21811
0 38 5 1.19375
0 38 6 1.17065
0 38 7 1.14889
0 38 8 1.12851
0 38 9 1.10957
0 38 10 1.09214
0 38 11 1.07627
0 38 12 1.062
0 38 13 1.04941
0 38 14 1.03851
0 38 15 1.02937
0 38 16 1.02201
0 38 17 1.01647
0 38 18 1.01276
0 38 19 1.0109
0 38 20 1.0109
0 38 21 1.01276
0 38 22 1.01647
0 38 23 1.02201
0 38 24 1.02937
0 38 25 1.03851
0 38 26 1.04941
0 38 27 1.062
0 38 28 1.07627
0 38 29 1.09214
0 38 30 1.10957
0 38 31 1.12851
0 38 32 1.14889
0 38 33 1.17065
0 38 34 1.19375
0 38 35 1.21811
0 38 36 1.24368
0 38 37 1.27041
0 38 38 1.29823
0 38 39 1.32708
0 38 40 1.35693
0 39 0 1.35545
0 39 1 1.32708
0 39 2 1.29976
0 39 3 1.27352
0 39 4 1.24843
0 39 5 1.22454
0 39 6 1.20191
0 39 7 1.18059
0 39 8 1.16065
0 39 9 1.14212
0 39 10 1.12508
0 39 11 1.10957
0 39 12 1.09564
0 39 13 1.08334
0 39 14 1.07271
0 39 15 1.0638
0 39 16 1.05662
0 39 17 1.05121
0 39 18 1.0476
0 39 19 1.04578
0 39 20 1.04578
0 39 21 1.0476
0 39 22 1.05121
0 39 23 1.05662
0 39 24 1.0638
0 39 25 1.07271
0 39 26 1.08334
0 39 27 1.09564
0 39 28 1.10957
0 39 29 1.12508
0 39 30 1.14212
0 39 31 1.16065
0 39 32 1.18059
0 39 33 1.20191
0 39 34 1.22454
0 39 35 1.24843
0 39 36 1.27352
0 39 37 1.29976
0 39 38 1.32708
0 39 39 1.35545
0 39 40 1.3848
0 40 0 1.3848
0 40 1 1.35693
0 40 2 1.33009
0 40 3 1.30434
0 40 4 1.27973
0 40 5 1.25631
0 40 6 1.23414
0 40 7 1.21327
0 40 8 1.19375
0 40 9 1.17563
0 40 10 1.15897
0 40 11 1.14382
0 40 12 1.13021
0 40 13 1.11821
0 40 14 1.10784
0 40 15 1.09914
0 40 16 1.09214
0 40 17 1.08687
0 40 18 1.08334
0 40 19 1.08158
0 40 20 1.08158
0 40 21 1.08334
0 40 22 1.08687
0 40 23 1.09214
0 40 24 1.09914
0 40 25 1.10784
0 40 26 1.11821
0 40 27 1.13021
0 40 28 1.14382
0 40 29 1.15897
0 40 30 1.17563
0 40 31 1.19375
0 40 32 1.21327
0 40 33 1.23414
0 40 34 1.25631
0 40 35 1.27973
0 40 36 1.30434
0 40 37 1.33009
0 40 38 1.35693
0 40 39 1.3848
0 40 40 1.41366
0 41 0 1.41509
0 41 1 1.38771
0 41 2 1.36136
0 41 3 1.33609
0 41 4 1.31196
0 41 5 1.28901
0 41 6 1.26729
0 41 7 1.24685
0 41 8 1.22775
0 41 9 1.21003
0 41 10 1.19375
0 41 11 1.17894
0 41 12 1.16566
0 41 13 1.15394
0 41 14 1.14382
0 41 15 1.13533
0 41 16 1.12851
0 41 17 1.12337
0 41 18 1.11993
0 41 19 1.11821
0 41 20 1.11821
0 41 21 1.11993
0 41 22 1.12337
0 41 23 1.12851
0 41 24 1.13533
0 41 25 1.14382
0 41 26 1.15394
0 41 27 1.16566
0 41 28 1.17894
0 41 29 1.19375
0 41 30 1.21003
0 41 31 1.22775
0 41 32 1.24685
0 41 33 1.26729
0 41 34 1.28901
0 41 35 1.31196
0 41 36 1.33609
0 41 37 1.36136
0 41 38 1.38771
0 41 39 1.41509
0 41 40 1.44346
0 42 0 1.44627
0 42 1 1.41938
0 42 2 1.39351
0 42 3 1.36872
0 42 4 1.34505
0 42 5 1.32256
0 42 6 1.30129
0 42 7 1.28128
0 42 8 1.26259
0 42 9 1.24527
0 42 10 1.22935
0 42 11 1.21488
0 42 12 1.20191
0 42 13 1.19047
0 42 14 1.18059
0 42 15 1.17231
0 42 16 1.16566
0 42 17 1.16065
0 42 18 1.1573
0 42 19 1.15562
0 42 20 1.15562
0 42 21 1.1573
0 42 22 1.16065
0 42 23 1.16566
0 42 24 1.17231
0 42 25 1.18059
0 42 26 1.19047
0 42 27 1.20191
0 42 28 1.21488
0 42 29 1.22935
0 42 30 1.24527
0 42 31 1.26259
0 42 32 1.28128
0 42 33 1.30129
0 42 34 1.32256
0 42 35 1.34505
0 42 36 1.36872
0 42 37 1.39351
0 42 38 1.41938
0 42 39 1.44627
0 42 40 1.47415
0 43 0 1.47829
0 43 1 1.45188
0 43 2 1.42649
0 43 3 1.40218
0 43 4 1.37897
0 43 5 1.35693
0 43 6 1.33609
0 43 7 1.31651
0 43 8 1.29823
0 43 9 1.28128
0 43 10 1.26572
0 43 11 1.25159
0 43 12 1.23892
0 43 13 1.22775
0 43 14 1.21811
0 43 15 1.21003
0 43 16 1.20354
0 43 17 1.19865
0 43 18 1.19538
0 43 19 1.19375
0 43 20 1.19375
0 43 21 1.19538
0 43 22 1.19865
0 43 23 1.20354
0 43 24 1.21003
0 43 25 1.21811
0 43 26 1.22775
0 43 27 1.23892
0 43 28 1.25159
0 43 29 1.26572
0 43 30 1.28128
0 43 31 1.29823
0 43 32 1.31651
0 43 33 1.33609
0 43 34 1.35693
0 43 35 1.37897
0 43 36 1.40218
0 43 37 1.42649
0 43 38 1.45188
0 43 39 1.47829
0 43 40 1.50569
0 44 0 1.51112
0 44 1 1.48518
0 44 2 1.46027
0 44 3 1.43641
0 44 4 1.41366
0 44 5 1.39206
0 44 6 1.37166
0 44 7 1.35249
0 44 8 1.3346
0 44 9 1.31803
0 44 10 1.30282
0 44 11 1.28901
0 44 12 1.27663
0 44 13 1.26572
0 44 14 1.25631
0 44 15 1.24843
0 44 16 1.2421
0 44 17 1.23733
0 44 18 1.23414
0 44 19 1.23255
0 44 20 1.23255
0 44 21 1.23414
0 44 22 1.23733
0 44 23 1.2421
0 44 24 1.24843
0 44 25 1.25631
0 44 26 1.26572
0 44 27 1.27663
0 44 28 1.28901
0 44 29 1.30282
0 44 30 1.31803
0 44 31 1.3346
0 44 32 1.35249
0 44 33 1.37166
0 44 34 1.39206
0 44 35 1.41366
0 44 36 1.43641
0 44 37 1.46027
0 44 38 1.48518
0 44 39 1.51112
0 44 40 1.53803
0 45 0 1.5447
0 45 1 1.51923
0 45 2 1.49478
0 45 3 1.47138
0 45 4 1.44908
0 45 5 1.42791
0 45 6 1.40793
0 45 7 1.38916
0 45 8 1.37166
0 45 9 1.35545
0 45 10 1.34058
0 45 11 1.32708
0 45 12 1.31499
0 45 13 1.30434
0 45 14 1.29516
0 45 15 1.28746
0 45 16 1.28128
0 45 17 1.27663
0 45 18 1.27352
0 45 19 1.27196
0 45 20 1.27196
0 45 21 1.27352
0 45 22 1.27663
0 45 23 1.28128
0 45 24 1.28746
0 45 25 1.29516
0 45 26 1.30434
0 45 27 1.31499
0 45 28 1.32708
0 45 29 1.34058
0 45 30 1.35545
0 45 31 1.37166
0 45 32 1.38916
0 45 33 1.40793
0 45 34 1.42791
0 45 35 1.44908
0 45 36 1.47138
0 45 37 1.49478
0 45 38 1.51923
0 45 39 1.5447
0 45 40 1.57114
0 46 0 1.579
0 46 1 1.55399
0 46 2 1.53
0 46 3 1.50705
0 46 4 1.48518
0 46 5 1.46444
0 46 6 1.44487
0 46 7 1.42649
0 46 8 1.40936
0 46 9 1.39351
0 46 10 1.37897
0 46 11 1.36578
0 46 12 1.35397
0 46 13 1.34356
0 46 14 1.3346
0 46 15 1.32708
0 46 16 1.32105
0 46 17 1.31651
0 46 18 1.31348
0 46 19 1.31196
0 46 20 1.31196
0 46 21 1.31348
0 46 22 1.31651
0 46 23 1.32105
0 46 24 1.32708
0 46 25 1.3346
0 46 26 1.34356
0 46 27 1.35397
0 46 28 1.36578
0 46 29 1.37897
0 46 30 1.39351
0 46 31 1.40936
0 46 32 1.42649
0 46 33 1.44487
0 46 34 1.46444
0 46 35 1.48518
0 46 36 1.50705
0 46 37 1.53
0 46 38 1.55399
0 46 39 1.579
0 46 40 1.60497
0 47 0 1.61397
0 47 1 1.58943
0 47 2 1.56588
0 47 3 1.54337
0 47 4 1.52193
0 47 5 1.5016
0 47 6 1.48243
0 47 7 1.46444
0 47 8 1.44768
0 47 9 1.43217
0 47 10 1.41795
0 47 11 1.40505
0 47 12 1.39351
0 47 13 1.38335
0 47 14 1.37459
0 47 15 1.36725
0 47 16 1.36136
0 47 17 1.35693
0 47 18 1.35397
0 47 19 1.35249
0 47 20 1.35249
0 47 21 1.35397
0 47 22 1.35693
0 47 23 1.36136
0 47 24 1.36725
0 47 25 1.37459
0 47 26 1.38335
0 47 27 1.39351
0 47 28 1.40505
0 47 29 1.41795
0 47 30 1.43217
0 47 31 1.44768
0 47 32 1.46444
0 47 33 1.48243
0 47 34 1.5016
0 47 35 1.52193
0 47 36 1.54337
0 47 37 1.56588
0 47 38 1.58943
0 47 39 1.61397
0 47 40 1.63948
0 48 0 1.6496
0 48 1 1.62549
0 48 2 1.60238
0 48 3 1.5803
0 48 4 1.55928
0 48 5 1.53937
0 48 6 1.52058
0 48 7 1.50297
0 48 8 1.48656
0 48 9 1.47138
0 48 10 1.45747
0 48 11 1.44487
0 48 12 1.43358
0 48 13 1.42365
0 48 14 1.41509
0 48 15 1.40793
0 48 16 1.40218
0 48 17 1.39785
0 48 18 1.39496
0 48 19 1.39351
0 48 20 1.39351
0 48 21 1.39496
0 48 22 1.39785
0 48 23 1.40218
0 48 24 1.40793
0 48 25 1.41509
0 48 26 1.42365
0 48 27 1.43358
0 48 28 1.44487
0 48 29 1.45747
0 48 30 1.47138
0 48 31 1.48656
0 48 32 1.50297
0 48 33 1.52058
0 48 34 1.53937
0 48 35 1.55928
0 48 36 1.5803
0 48 37 1.60238
0 48 38 1.62549
0 48 39 1.6496
0 48 40 1.67465
0 49 0 1.68583
0 49 1 1.66216
0 49 2 1.63948
0 49 3 1.61782
0 49 4 1.59721
0 49 5 1.57769
0 49 6 1.55928
0 49 7 1.54203
0 49 8 1.52597
0 49 9 1.51112
0 49 10 1.49751
0 49 11 1.48518
0 49 12 1.47415
0 49 13 1.46444
0 49 14 1.45608
0 49 15 1.44908
0 49 16 1.44346
0 49 17 1.43923
0 49 18 1.43641
0 49 19 1.435
0 49 20 1.435
0 49 21 1.43641
0 49 22 1.43923
0 49 23 1.44346
0 49 24 1.44908
0 49 25 1.45608
0 49 26 1.46444
0 49 27 1.47415
0 49 28 1.48518
0 49 29 1.49751
0 49 30 1.51112
0 49 31 1.52597
0 49 32 1.54203
0 49 33 1.55928
0 49 34 1.57769
0 49 35 1.59721
0 49 36 1.61782
0 49 37 1.63948
0 49 38 1.66216
0 49 39 1.68583
0 49 40 1.71044
0 50 0 1.72264
0 50 1 1.6994
0 50 2 1.67714
0 50 3 1.65589
0 50 4 1.63568
0 50 5 1.61654
0 50 6 1.59851
0 50 7 1.58161
0 50 8 1.56588
0 50 9 1.55134
0 50 10 1.53803
0 50 11 1.52597
0 50 12 1.51518
0 50 13 1.50569
0 50 14 1.49751
0 50 15 1.49067
0 50 16 1.48518
0 50 17 1.48105
0 50 18 1.47829
0 50 19 1.47691
0 50 20 1.47691
0 50 21 1.47829
0 50 22 1.48105
0 50 23 1.48518
0 50 24 1.49067
0 50 25 1.49751
0 50 26 1.50569
0 50 27 1.51518
0 50 28 1.52597
0 50 29 1.53803
0 50 30 1.55134
0 50 31 1.56588
0 50 32 1.58161
0 50 33 1.59851
0 50 34 1.61654
0 50 35 1.63568
0 50 36 1.65589
0 50 37 1.67714
0 50 38 1.6994
0 50 39 1.72264
0 50 40 1.74681
0 51 0 1.75999
0 51 1 1.73718
0 51 2 1.71533
0 51 3 1.69448
0 51 4 1.67465
0 51 5 1.65589
0 51 6 1.63822
0 51 7 1.62166
0 51 8 1.60626
0 51 9 1.59202
0 51 10 1.579
0 51 11 1.56719
0 51 12 1.55664
0 51 13 1.54736
0 51 14 1.53937
0 51 15 1.53268
0 51 16 1.52731
0 51 17 1.52328
0 51 18 1.52058
0 51 19 1.51923
0 51 20 1.51923
0 51 21 1.52058
0 51 22 1.52328
0 51 23 1.52731
0 51 24 1.53268
0 51 25 1.53937
0 51 26 1.54736
0 51 27 1.55664
0 51 28 1.56719
0 51 29 1.579
0 51 30 1.59202
0 51 31 1.60626
0 51 32 1.62166
0 51 33 1.63822
0 51 34 1.65589
0 51 35 1.67465
0 51 36 1.69448
0 51 37 1.71533
0 51 38 1.73718
0 51 39 1.75999
0 51 40 1.78374
0 52 0 1.79787
0 52 1 1.77546
0 52 2 1.75401
0 52 3 1.73355
0 52 4 1.71411
0 52 5 1.69571
0 52 6 1.67838
0 52 7 1.66216
0 52 8 1.64707
0 52 9 1.63314
0 52 10 1.62038
0 52 11 1.60883
0 52 12 1.59851
0 52 13 1.58943
0 52 14 1.58161
0 52 15 1.57507
0 52 16 1.56982
0 52 17 1.56588
0 52 18 1.56324
0 52 19 1.56192
0 52 20 1.56192
0 52 21 1.56324
0 52 22 1.56588
0 52 23 1.56982
0 52 24 1.57507
0 52 25 1.58161
0 52 26 1.58943
0 52 27 1.59851
0 52 28 1.60883
0 52 29 1.62038
0 52 30 1.63314
0 52 31 1.64707
0 52 32 1.66216
0 52 33 1.67838
0 52 34 1.69571
0 52 35 1.71411
0 52 36 1.73355
0 52 37 1.75401
0 52 38 1.77546
0 52 39 1.79787
0 52 40 1.8212
0 53 0 1.83623
0 53 1 1.81423
0 53 2 1.79317
0 53 3 1.77309
0 53 4 1.75401
0 53 5 1.73597
0 53 6 1.71899
0 53 7 1.70309
0 53 8 1.6883
0 53 9 1.67465
0 53 10 1.66216
0 53 11 1.65086
0 53 12 1.64075
0 53 13 1.63187
0 53 14 1.62422
0 53 15 1.61782
0 53 16 1.61269
0 53 17 1.60883
0 53 18 1.60626
0 53 19 1.60497
0 53 20 1.60497
0 53 21 1.60626
0 53 22 1.60883
0 53 23 1.61269
0 53 24 1.61782
0 53 25 1.62422
0 53 26 1.63187
0 53 27 1.64075
0 53 28 1.65086
0 53 29 1.66216
0 53 30 1.67465
0 53 31 1.6883
0 53 32 1.70309
0 53 33 1.71899
0 53 34 1.73597
0 53 35 1.75401
0 53 36 1.77309
0 53 37 1.79317
0 53 38 1.81423
0 53 39 1.83623
0 53 40 1.85916
0 54 0 1.87506
0 54 1 1.85345
0 54 2 1.83277
0 54 3 1.81306
0 54 4 1.79435
0 54 5 1.77665
0 54 6 1.75999
0 54 7 1.74441
0 54 8 1.72992
0 54 9 1.71655
0 54 10 1.70432
0 54 11 1.69324
0 54 12 1.68335
0 54 13 1.67465
0 54 14 1.66717
0 54 15 1.66091
0 54 16 1.65589
0 54 17 1.65212
0 54 18 1.6496
0 54 19 1.64833
0 54 20 1.64833
0 54 21 1.6496
0 54 22 1.65212
0 54 23 1.65589
0 54 24 1.66091
0 54 25 1.66717
0 54 26 1.67465
0 54 27 1.68335
0 54 28 1.69324
0 54 29 1.70432
0 54 30 1.71655
0 54 31 1.72992
0 54 32 1.74441
0 54 33 1.75999
0 54 34 1.77665
0 54 35 1.79435
0 54 36 1.81306
0 54 37 1.83277
0 54 38 1.85345
0 54 39 1.87506
0 54 40 1.89759
0 55 0 1.91434
0 55 1 1.8931
0 55 2 1.8728
0 55 3 1.85345
0 55 4 1.83508
0 55 5 1.81772
0 55 6 1.80138
0 55 7 1.7861
0 55 8 1.7719
0 55 9 1.7588
0 55 10 1.74681
0 55 11 1.73597
0 55 12 1.72628
0 55 13 1.71777
0 55 14 1.71044
0 55 15 1.70432
0 55 16 1.6994
0 55 17 1.69571
0 55 18 1.69324
0 55 19 1.69201
0 55 20 1.69201
0 55 21 1.69324
0 55 22 1.69571
0 55 23 1.6994
0 55 24 1.70432
0 55 25 1.71044
0 55 26 1.71777
0 55 27 1.72628
0 55 28 1.73597
0 55 29 1.74681
0 55 30 1.7588
0 55 31 1.7719
0 55 32 1.7861
0 55 33 1.80138
0 55 34 1.81772
0 55 35 1.83508
0 55 36 1.85345
0 55 37 1.8728
0 55 38 1.8931
0 55 39 1.91434
0 55 40 1.93647
0 56 0 1.95403
0 56 1 1.93317
0 56 2 1.91323
0 56 3 1.89423
0 56 4 1.8762
0 56 5 1.85916
0 56 6 1.84314
0 56 7 1.82815
0 56 8 1.81423
0 56 9 1.80138
0 56 10 1.78964
0 56 11 1.77902
0 56 12 1.76953
0 56 13 1.76119
0 56 14 1.75401
0 56 15 1.74802
0 56 16 1.74321
0 56 17 1.73959
0 56 18 1.73718
0 56 19 1.73597
0 56 20 1.73597
0 56 21 1.73718
0 56 22 1.73959
0 56 23 1.74321
0 56 24 1.74802
0 56 25 1.75401
0 56 26 1.76119
0 56 27 1.76953
0 56 28 1.77902
0 56 29 1.78964
0 56 30 1.80138
0 56 31 1.81423
0 56 32 1.82815
0 56 33 1.84314
0 56 34 1.85916
0 56 35 1.8762
0 56 36 1.89423
0 56 37 1.91323
0 56 38 1.93317
0 56 39 1.95403
0 56 40 1.97579
0 57 0 1.99412
0 57 1 1.97362
0 57 2 1.95403
0 57 3 1.93537
0 57 4 1.91767
0 57 5 1.90095
0 57 6 1.88523
0 57 7 1.87053
0 57 8 1.85688
0 57 9 1.84428
0 57 10 1.83277
0 57 11 1.82236
0 57 12 1.81306
0 57 13 1.80489
0 57 14 1.79787
0 57 15 1.79199
0 57 16 1.78728
0 57 17 1.78374
0 57 18 1.78138
0 57 19 1.7802
0 57 20 1.7802
0 57 21 1.78138
0 57 22 1.78374
0 57 23 1.78728
0 57 24 1.79199
0 57 25 1.79787
0 57 26 1.80489
0 57 27 1.81306
0 57 28 1.82236
0 57 29 1.83277
0 57 30 1.84428
0 57 31 1.85688
0 57 32 1.87053
0 57 33 1.88523
0 57 34 1.90095
0 57 35 1.91767
0 57 36 1.93537
0 57 37 1.95403
0 57 38 1.97362
0 57 39 1.99412
0 57 40 2.0155
0 58 0 2.03458
0 58 1 2.01444
0 58 2 1.99519
0 58 3 1.97687
0 58 4 1.95949
0 58 5 1.94307
0 58 6 1.92765
0 58 7 1.91323
0 58 8 1.89983
0 58 9 1.88748
0 58 10 1.8762
0 58 11 1.86599
0 58 12 1.85688
0 58 13 1.84887
0 58 14 1.84199
0 58 15 1.83623
0 58 16 1.83162
0 58 17 1.82815
0 58 18 1.82584
0 58 19 1.82468
0 58 20 1.82468
0 58 21 1.82584
0 58 22 1.82815
0 58 23 1.83162
0 58 24 1.83623
0 58 25 1.84199
0 58 26 1.84887
0 58 27 1.85688
0 58 28 1.86599
0 58 29 1.8762
0 58 30 1.88748
0 58 31 1.89983
0 58 32 1.91323
0 58 33 1.92765
0 58 34 1.94307
0 58 35 1.95949
0 58 36 1.97687
0 58 37 1.99519
0 58 38 2.01444
0 58 39 2.03458
0 58 40 2.05561
0 59 0 2.07541
0 59 1 2.05561
0 59 2 2.0367
0 59 3 2.01869
0 59 4 2.00163
0 59 5 1.98551
0 59 6 1.97037
0 59 7 1.95621
0 59 8 1.94307
0 59 9 1.93096
0 59 10 1.91989
0 59 11 1.90988
0 59 12 1.90095
0 59 13 1.8931
0 59 14 1.88636
0 59 15 1.88072
0 59 16 1.8762
0 59 17 1.8728
0 59 18 1.87053
0 59 19 1.8694
0 59 20 1.8694
0 59 21 1.87053
0 59 22 1.8728
0 59 23 1.8762
0 59 24 1.88072
0 59 25 1.88636
0 59 26 1.8931
0 59 27 1.90095
0 59 28 1.90988
0 59 29 1.91989
0 59 30 1.93096
0 59 31 1.94307
0 59 32 1.95621
0 59 33 1.97037
0 59 34 1.98551
0 59 35 2.00163
0 59 36 2.01869
0 59 37 2.0367
0 59 38 2.05561
0 59 39 2.07541
0 59 40 2.09608
0 60 0 2.11657
0 60 1 2.09711
0 60 2 2.07852
0 60 3 2.06083
0 60 4 2.04407
0 60 5 2.02824
0 60 6 2.01337
0 60 7 1.99948
0 60 8 1.98659
0 60 9 1.9747
0 60 10 1.96385
0 60 11 1.95403
0 60 12 1.94527
0 60 13 1.93758
0 60 14 1.93096
0 60 15 1.92543
0 60 16 1.921
0 60 17 1.91767
0 60 18 1.91545
0 60 19 1.91434
0 60 20 1.91434
0 60 21 1.91545
0 60 22 1.91767
0 60 23 1.921
0 60 24 1.92543
0 60 25 1.93096
0 60 26 1.93758
0 60 27 1.94527
0 60 28 1.95403
0 60 29 1.96385
0 60 30 1.9747
0 60 31 1.98659
0 60 32 1.99948
0 60 33 2.01337
0 60 34 2.02824
0 60 35 2.04407
0 60 36 2.06083
0 60 37 2.07852
0 60 38 2.09711
0 60 39 2.11657
0 60 40 2.1369
1 0 0 1.32708
1 0 1 1.29823
1 0 2 1.27041
1 0 3 1.24368
1 0 4 1.21811
1 0 5 1.19375
1 0 6 1.17065
1 0 7 1.14889
1 0 8 1.12851
1 0 9 1.10957
1 0 10 1.09214
1 0 11 1.07627
1 0 12 1.062
1 0 13 1.04941
