0 0 0 1.39875
0 0 1 1.37037
0 0 2 1.34301
0 0 3 1.3167
0 0 4 1.29151
0 0 5 1.26748
0 0 6 1.24467
0 0 7 1.22314
0 0 8 1.20293
0 0 9 1.1841
0 0 10 1.1667
0 0 11 1.15078
0 0 12 1.13639
0 0 13 1.12358
0 0 14 1.11238
0 0 15 1.10284
0 0 16 1.09499
0 0 17 1.08885
0 0 18 1.08444
0 0 19 1.0818
0 0 20 1.08091
0 0 21 1.0818
0 0 22 1.08444
0 0 23 1.08885
0 0 24 1.09499
0 0 25 1.10284
0 0 26 1.11238
0 0 27 1.12358
0 0 28 1.13639
0 0 29 1.15078
0 0 30 1.1667
0 0 31 1.1841
0 0 32 1.20293
0 0 33 1.22314
0 0 34 1.24467
0 0 35 1.26748
0 0 36 1.29151
0 0 37 1.3167
0 0 38 1.34301
0 0 39 1.37037
0 0 40 1.39875
0 1 0 1.37037
0 1 1 1.34151
0 1 2 1.31367
0 1 3 1.28689
0 1 4 1.26122
0 1 5 1.23673
0 1 6 1.21347
0 1 7 1.1915
0 1 8 1.17086
0 1 9 1.15162
0 1 10 1.13384
0 1 11 1.11756
0 1 12 1.10284
0 1 13 1.08972
0 1 14 1.07826
0 1 15 1.06848
0 1 16 1.06044
0 1 17 1.05414
0 1 18 1.04963
0 1 19 1.04692
0 1 20 1.04601
0 1 21 1.04692
0 1 22 1.04963
0 1 23 1.05414
0 1 24 1.06044
0 1 25 1.06848
0 1 26 1.07826
0 1 27 1.08972
0 1 28 1.10284
0 1 29 1.11756
0 1 30 1.13384
0 1 31 1.15162
0 1 32 1.17086
0 1 33 1.1915
0 1 34 1.21347
0 1 35 1.23673
0 1 36 1.26122
0 1 37 1.28689
0 1 38 1.31367
0 1 39 1.34151
0 1 40 1.37037
0 2 0 1.34301
0 2 1 1.31367
0 2 2 1.28534
0 2 3 1.25808
0 2 4 1.23195
0 2 5 1.20699
0 2 6 1.18328
0 2 7 1.16086
0 2 8 1.13979
0 2 9 1.12014
0 2 10 1.10197
0 2 11 1.08533
0 2 12 1.07027
0 2 13 1.05684
0 2 14 1.0451
0 2 15 1.03509
0 2 16 1.02685
0 2 17 1.0204
0 2 18 1.01577
0 2 19 1.01299
0 2 20 1.01206
0 2 21 1.01299
0 2 22 1.01577
0 2 23 1.0204
0 2 24 1.02685
0 2 25 1.03509
0 2 26 1.0451
0 2 27 1.05684
0 2 28 1.07027
0 2 29 1.08533
0 2 30 1.10197
0 2 31 1.12014
0 2 32 1.13979
0 2 33 1.16086
0 2 34 1.18328
0 2 35 1.20699
0 2 36 1.23195
0 2 37 1.25808
0 2 38 1.28534
0 2 39 1.31367
0 2 40 1.34301
0 3 0 1.3167
0 3 1 1.28689
0 3 2 1.25808
0 3 3 1.23035
0 3 4 1.20374
0 3 5 1.17832
0 3 6 1.15415
0 3 7 1.13128
0 3 8 1.10979
0 3 9 1.08973
0 3 10 1.07116
0 3 11 1.05414
0 3 12 1.03874
0 3 13 1.02501
0 3 14 1.01299
0 3 15 1.00274
0 3 16 0.994292
0 3 17 0.987684
0 3 18 0.982945
0 3 19 0.980093
0 3 20 0.979141
0 3 21 0.980093
0 3 22 0.982945
0 3 23 0.987684
0 3 24 0.994292
0 3 25 1.00274
0 3 26 1.01299
0 3 27 1.02501
0 3 28 1.03874
0 3 29 1.05414
0 3 30 1.07116
0 3 31 1.08973
0 3 32 1.10979
0 3 33 1.13128
0 3 34 1.15415
0 3 35 1.17832
0 3 36 1.20374
0 3 37 1.23035
0 3 38 1.25808
0 3 39 1.28689
0 3 40 1.3167
0 4 0 1.29151
0 4 1 1.26122
0 4 2 1.23195
0 4 3 1.20374
0 4 4 1.17667
0 4 5 1.15078
0 4 6 1.12615
0 4 7 1.10284
0 4 8 1.08091
0 4 9 1.06044
0 4 10 1.04147
0 4 11 1.02409
0 4 12 1.00834
0 4 13 0.994292
0 4 14 0.981995
0 4 15 0.971499
0 4 16 0.962848
0 4 17 0.95608
0 4 18 0.951223
0 4 19 0.948301
0 4 20 0.947325
0 4 21 0.948301
0 4 22 0.951223
0 4 23 0.95608
0 4 24 0.962848
0 4 25 0.971499
0 4 26 0.981995
0 4 27 0.994292
0 4 28 1.00834
0 4 29 1.02409
0 4 30 1.04147
0 4 31 1.06044
0 4 32 1.08091
0 4 33 1.10284
0 4 34 1.12615
0 4 35 1.15078
0 4 36 1.17667
0 4 37 1.20374
0 4 38 1.23195
0 4 39 1.26122
0 4 40 1.29151
0 5 0 1.26748
0 5 1 1.23673
0 5 2 1.20699
0 5 3 1.17832
0 5 4 1.15078
0 5 5 1.12444
0 5 6 1.09935
0 5 7 1.0756
0 5 8 1.05324
0 5 9 1.03235
0 5 10 1.01299
0 5 11 0.995233
0 5 12 0.979141
0 5 13 0.964775
0 5 14 0.952196
0 5 15 0.941455
0 5 16 0.932599
0 5 17 0.925668
0 5 18 0.920694
0 5 19 0.9177
0 5 20 0.9167
0 5 21 0.9177
0 5 22 0.920694
0 5 23 0.925668
0 5 24 0.932599
0 5 25 0.941455
0 5 26 0.952196
0 5 27 0.964776
0 5 28 0.979141
0 5 29 0.995233
0 5 30 1.01299
0 5 31 1.03235
0 5 32 1.05324
0 5 33 1.0756
0 5 34 1.09935
0 5 35 1.12444
0 5 36 1.15078
0 5 37 1.17832
0 5 38 1.20699
0 5 39 1.23673
0 5 40 1.26748
0 6 0 1.24467
0 6 1 1.21347
0 6 2 1.18328
0 6 3 1.15415
0 6 4 1.12615
0 6 5 1.09935
0 6 6 1.07382
0 6 7 1.04963
0 6 8 1.02685
0 6 9 1.00554
0 6 10 0.985791
0 6 11 0.967661
0 6 12 0.951223
0 6 13 0.936543
0 6 14 0.923681
0 6 15 0.912694
0 6 16 0.903632
0 6 17 0.896537
0 6 18 0.891445
0 6 19 0.888379
0 6 20 0.887356
0 6 21 0.888379
0 6 22 0.891445
0 6 23 0.896537
0 6 24 0.903632
0 6 25 0.912694
0 6 26 0.923681
0 6 27 0.936543
0 6 28 0.951223
0 6 29 0.967661
0 6 30 0.985791
0 6 31 1.00554
0 6 32 1.02685
0 6 33 1.04963
0 6 34 1.07382
0 6 35 1.09935
0 6 36 1.12615
0 6 37 1.15415
0 6 38 1.18328
0 6 39 1.21347
0 6 40 1.24467
0 7 0 1.22314
0 7 1 1.1915
0 7 2 1.16086
0 7 3 1.13128
0 7 4 1.10284
0 7 5 1.0756
0 7 6 1.04963
0 7 7 1.02501
0 7 8 1.0018
0 7 9 0.980093
0 7 10 0.959952
0 7 11 0.941455
0 7 12 0.924675
0 7 13 0.90968
0 7 14 0.896537
0 7 15 0.885306
0 7 16 0.876039
0 7 17 0.868781
0 7 18 0.863571
0 7 19 0.860434
0 7 20 0.859386
0 7 21 0.860434
0 7 22 0.863571
0 7 23 0.868781
0 7 24 0.876039
0 7 25 0.885306
0 7 26 0.896537
0 7 27 0.90968
0 7 28 0.924675
0 7 29 0.941455
0 7 30 0.959952
0 7 31 0.980093
0 7 32 1.0018
0 7 33 1.02501
0 7 34 1.04963
0 7 35 1.0756
0 7 36 1.10284
0 7 37 1.13128
0 7 38 1.16086
0 7 39 1.1915
0 7 40 1.22314
0 8 0 1.20293
0 8 1 1.17086
0 8 2 1.13979
0 8 3 1.10979
0 8 4 1.08091
0 8 5 1.05324
0 8 6 1.02685
0 8 7 1.0018
0 8 8 0.978188
0 8 9 0.95608
0 8 10 0.935558
0 8 11 0.9167
0 8 12 0.899583
0 8 13 0.88428
0 8 14 0.87086
0 8 15 0.859386
0 8 16 0.849916
0 8 17 0.842498
0 8 18 0.83717
0 8 19 0.833962
0 8 20 0.83289
0 8 21 0.833962
0 8 22 0.83717
0 8 23 0.842498
0 8 24 0.849916
0 8 25 0.859386
0 8 26 0.87086
0 8 27 0.88428
0 8 28 0.899583
0 8 29 0.9167
0 8 30 0.935558
0 8 31 0.95608
0 8 32 0.978188
0 8 33 1.0018
0 8 34 1.02685
0 8 35 1.05324
0 8 36 1.08091
0 8 37 1.10979
0 8 38 1.13979
0 8 39 1.17086
0 8 40 1.20293
0 9 0 1.1841
0 9 1 1.15162
0 9 2 1.12014
0 9 3 1.08973
0 9 4 1.06044
0 9 5 1.03235
0 9 6 1.00554
0 9 7 0.980093
0 9 8 0.95608
0 9 9 0.933586
0 9 10 0.912694
0 9 11 0.893484
0 9 12 0.876039
0 9 13 0.860434
0 9 14 0.846742
0 9 15 0.835032
0 9 16 0.825363
0 9 17 0.817786
0 9 18 0.812344
0 9 19 0.809066
0 9 20 0.807971
0 9 21 0.809066
0 9 22 0.812344
0 9 23 0.817786
0 9 24 0.825363
0 9 25 0.835032
0 9 26 0.846742
0 9 27 0.860434
0 9 28 0.876039
0 9 29 0.893484
0 9 30 0.912694
0 9 31 0.933586
0 9 32 0.95608
0 9 33 0.980093
0 9 34 1.00554
0 9 35 1.03235
0 9 36 1.06044
0 9 37 1.08973
0 9 38 1.12014
0 9 39 1.15162
0 9 40 1.1841
0 10 0 1.1667
0 10 1 1.13384
0 10 2 1.10197
0 10 3 1.07116
0 10 4 1.04147
0 10 5 1.01299
0 10 6 0.985791
0 10 7 0.959952
0 10 8 0.935558
0 10 9 0.912694
0 10 10 0.891445
0 10 11 0.871897
0 10 12 0.854134
0 10 13 0.838237
0 10 14 0.824284
0 10 15 0.812344
0 10 16 0.802482
0 10 17 0.794751
0 10 18 0.789197
0 10 19 0.785851
0 10 20 0.784734
0 10 21 0.785851
0 10 22 0.789197
0 10 23 0.794751
0 10 24 0.802482
0 10 25 0.812344
0 10 26 0.824284
0 10 27 0.838238
0 10 28 0.854134
0 10 29 0.871897
0 10 30 0.891445
0 10 31 0.912694
0 10 32 0.935558
0 10 33 0.959952
0 10 34 0.985791
0 10 35 1.01299
0 10 36 1.04147
0 10 37 1.07116
0 10 38 1.10197
0 10 39 1.13384
0 10 40 1.1667
0 11 0 1.15078
0 11 1 1.11756
0 11 2 1.08533
0 11 3 1.05414
0 11 4 1.02409
0 11 5 0.995233
0 11 6 0.967661
0 11 7 0.941455
0 11 8 0.9167
0 11 9 0.893484
0 11 10 0.871897
0 11 11 0.852027
0 11 12 0.833962
0 11 13 0.817786
0 11 14 0.803582
0 11 15 0.791422
0 11 16 0.781375
0 11 17 0.773497
0 11 18 0.767836
0 11 19 0.764425
0 11 20 0.763286
0 11 21 0.764425
0 11 22 0.767836
0 11 23 0.773497
0 11 24 0.781375
0 11 25 0.791422
0 11 26 0.803582
0 11 27 0.817786
0 11 28 0.833962
0 11 29 0.852027
0 11 30 0.871897
0 11 31 0.893484
0 11 32 0.9167
0 11 33 0.941455
0 11 34 0.967661
0 11 35 0.995233
0 11 36 1.02409
0 11 37 1.05414
0 11 38 1.08533
0 11 39 1.11756
0 11 40 1.15078
0 12 0 1.13639
0 12 1 1.10284
0 12 2 1.07027
0 12 3 1.03874
0 12 4 1.00834
0 12 5 0.979141
0 12 6 0.951223
0 12 7 0.924675
0 12 8 0.899583
0 12 9 0.876039
0 12 10 0.854134
0 12 11 0.833962
0 12 12 0.815613
0 12 13 0.799175
0 12 14 0.784734
0 12 15 0.772367
0 12 16 0.762145
0 12 17 0.754128
0 12 18 0.748365
0 12 19 0.744893
0 12 20 0.743733
0 12 21 0.744893
0 12 22 0.748365
0 12 23 0.754128
0 12 24 0.762145
0 12 25 0.772367
0 12 26 0.784734
0 12 27 0.799175
0 12 28 0.815613
0 12 29 0.833962
0 12 30 0.854134
0 12 31 0.876039
0 12 32 0.899583
0 12 33 0.924675
0 12 34 0.951223
0 12 35 0.979141
0 12 36 1.00834
0 12 37 1.03874
0 12 38 1.07027
0 12 39 1.10284
0 12 40 1.13639
0 13 0 1.12358
0 13 1 1.08972
0 13 2 1.05684
0 13 3 1.02501
0 13 4 0.994292
0 13 5 0.964775
0 13 6 0.936543
0 13 7 0.90968
0 13 8 0.88428
0 13 9 0.860434
0 13 10 0.838237
0 13 11 0.817786
0 13 12 0.799175
0 13 13 0.782496
0 13 14 0.767836
0 13 15 0.755277
0 13 16 0.744893
0 13 17 0.736747
0 13 18 0.73089
0 13 19 0.72736
0 13 20 0.726181
0 13 21 0.72736
0 13 22 0.73089
0 13 23 0.736747
0 13 24 0.744893
0 13 25 0.755277
0 13 26 0.767836
0 13 27 0.782496
0 13 28 0.799175
0 13 29 0.817786
0 13 30 0.838237
0 13 31 0.860434
0 13 32 0.88428
0 13 33 0.90968
0 13 34 0.936543
0 13 35 0.964775
0 13 36 0.994292
0 13 37 1.02501
0 13 38 1.05684
0 13 39 1.08973
0 13 40 1.12358
0 14 0 1.11238
0 14 1 1.07826
0 14 2 1.0451
0 14 3 1.01299
0 14 4 0.981995
0 14 5 0.952196
0 14 6 0.923681
0 14 7 0.896537
0 14 8 0.87086
0 14 9 0.846742
0 14 10 0.824284
0 14 11 0.803582
0 14 12 0.784734
0 14 13 0.767836
0 14 14 0.752978
0 14 15 0.740246
0 14 16 0.729715
0 14 17 0.721451
0 14 18 0.715509
0 14 19 0.711927
0 14 20 0.710731
0 14 21 0.711927
0 14 22 0.715509
0 14 23 0.721451
0 14 24 0.729715
0 14 25 0.740246
0 14 26 0.752978
0 14 27 0.767836
0 14 28 0.784734
0 14 29 0.803582
0 14 30 0.824284
0 14 31 0.846742
0 14 32 0.87086
0 14 33 0.896537
0 14 34 0.923681
0 14 35 0.952196
0 14 36 0.981995
0 14 37 1.01299
0 14 38 1.0451
0 14 39 1.07826
0 14 40 1.11238
0 15 0 1.10284
0 15 1 1.06848
0 15 2 1.03509
0 15 3 1.00274
0 15 4 0.971499
0 15 5 0.941455
0 15 6 0.912694
0 15 7 0.885306
0 15 8 0.859386
0 15 9 0.835032
0 15 10 0.812344
0 15 11 0.791422
0 15 12 0.772367
0 15 13 0.755277
0 15 14 0.740246
0 15 15 0.72736
0 15 16 0.7167
0 15 17 0.708333
0 15 18 0.702316
0 15 19 0.698688
0 15 20 0.697476
0 15 21 0.698688
0 15 22 0.702316
0 15 23 0.708333
0 15 24 0.7167
0 15 25 0.72736
0 15 26 0.740246
0 15 27 0.755277
0 15 28 0.772367
0 15 29 0.791422
0 15 30 0.812344
0 15 31 0.835032
0 15 32 0.859386
0 15 33 0.885306
0 15 34 0.912694
0 15 35 0.941455
0 15 36 0.971499
0 15 37 1.00274
0 15 38 1.03509
0 15 39 1.06848
0 15 40 1.10284
0 16 0 1.09499
0 16 1 1.06044
0 16 2 1.02685
0 16 3 0.994292
0 16 4 0.962848
0 16 5 0.932599
0 16 6 0.903632
0 16 7 0.876039
0 16 8 0.849916
0 16 9 0.825363
0 16 10 0.802482
0 16 11 0.781375
0 16 12 0.762145
0 16 13 0.744893
0 16 14 0.729715
0 16 15 0.7167
0 16 16 0.70593
0 16 17 0.697476
0 16 18 0.691395
0 16 19 0.687729
0 16 20 0.686504
0 16 21 0.687729
0 16 22 0.691395
0 16 23 0.697476
0 16 24 0.70593
0 16 25 0.7167
0 16 26 0.729715
0 16 27 0.744893
0 16 28 0.762145
0 16 29 0.781375
0 16 30 0.802482
0 16 31 0.825363
0 16 32 0.849916
0 16 33 0.876039
0 16 34 0.903632
0 16 35 0.932599
0 16 36 0.962848
0 16 37 0.994292
0 16 38 1.02685
0 16 39 1.06044
0 16 40 1.09499
0 17 0 1.08885
0 17 1 1.05414
0 17 2 1.0204
0 17 3 0.987684
0 17 4 0.95608
0 17 5 0.925668
0 17 6 0.896537
0 17 7 0.868781
0 17 8 0.842498
0 17 9 0.817786
0 17 10 0.794751
0 17 11 0.773497
0 17 12 0.754128
0 17 13 0.736747
0 17 14 0.721451
0 17 15 0.708333
0 17 16 0.697476
0 17 17 0.688952
0 17 18 0.68282
0 17 19 0.679123
0 17 20 0.677887
0 17 21 0.679123
0 17 22 0.68282
0 17 23 0.688952
0 17 24 0.697476
0 17 25 0.708333
0 17 26 0.721451
0 17 27 0.736747
0 17 28 0.754128
0 17 29 0.773497
0 17 30 0.794751
0 17 31 0.817786
0 17 32 0.842498
0 17 33 0.868781
0 17 34 0.896537
0 17 35 0.925668
0 17 36 0.95608
0 17 37 0.987684
0 17 38 1.0204
0 17 39 1.05414
0 17 40 1.08885
0 18 0 1.08444
0 18 1 1.04963
0 18 2 1.01577
0 18 3 0.982945
0 18 4 0.951223
0 18 5 0.920694
0 18 6 0.891445
0 18 7 0.863571
0 18 8 0.83717
0 18 9 0.812344
0 18 10 0.789197
0 18 11 0.767836
0 18 12 0.748365
0 18 13 0.73089
0 18 14 0.715509
0 18 15 0.702316
0 18 16 0.691395
0 18 17 0.68282
0 18 18 0.676651
0 18 19 0.672931
0 18 20 0.671688
0 18 21 0.672931
0 18 22 0.676651
0 18 23 0.68282
0 18 24 0.691395
0 18 25 0.702316
0 18 26 0.715509
0 18 27 0.73089
0 18 28 0.748365
0 18 29 0.767836
0 18 30 0.789197
0 18 31 0.812344
0 18 32 0.83717
0 18 33 0.863571
0 18 34 0.891445
0 18 35 0.920694
0 18 36 0.951223
0 18 37 0.982945
0 18 38 1.01577
0 18 39 1.04963
0 18 40 1.08444
0 19 0 1.0818
0 19 1 1.04692
0 19 2 1.01299
0 19 3 0.980093
0 19 4 0.948301
0 19 5 0.9177
0 19 6 0.888379
0 19 7 0.860434
0 19 8 0.833962
0 19 9 0.809066
0 19 10 0.785851
0 19 11 0.764425
0 19 12 0.744893
0 19 13 0.72736
0 19 14 0.711927
0 19 15 0.698688
0 19 16 0.687729
0 19 17 0.679123
0 19 18 0.672931
0 19 19 0.669197
0 19 20 0.667949
0 19 21 0.669197
0 19 22 0.672931
0 19 23 0.679123
0 19 24 0.687729
0 19 25 0.698688
0 19 26 0.711927
0 19 27 0.72736
0 19 28 0.744893
0 19 29 0.764425
0 19 30 0.785851
0 19 31 0.809066
0 19 32 0.833962
0 19 33 0.860434
0 19 34 0.888379
0 19 35 0.9177
0 19 36 0.948301
0 19 37 0.980093
0 19 38 1.01299
0 19 39 1.04692
0 19 40 1.0818
0 20 0 1.08091
0 20 1 1.04601
0 20 2 1.01206
0 20 3 0.979141
0 20 4 0.947325
0 20 5 0.9167
0 20 6 0.887356
0 20 7 0.859386
0 20 8 0.83289
0 20 9 0.807971
0 20 10 0.784734
0 20 11 0.763286
0 20 12 0.743733
0 20 13 0.726181
0 20 14 0.710731
0 20 15 0.697476
0 20 16 0.686504
0 20 17 0.677887
0 20 18 0.671688
0 20 19 0.667949
0 20 20 0.6667
0 20 21 0.667949
0 20 22 0.671688
0 20 23 0.677887
0 20 24 0.686504
0 20 25 0.697476
0 20 26 0.710731
0 20 27 0.726181
0 20 28 0.743733
0 20 29 0.763286
0 20 30 0.784734
0 20 31 0.807971
0 20 32 0.83289
0 20 33 0.859386
0 20 34 0.887356
0 20 35 0.9167
0 20 36 0.947325
0 20 37 0.979141
0 20 38 1.01206
0 20 39 1.04601
0 20 40 1.08091
0 21 0 1.0818
0 21 1 1.04692
0 21 2 1.01299
0 21 3 0.980093
0 21 4 0.948301
0 21 5 0.9177
0 21 6 0.888379
0 21 7 0.860434
0 21 8 0.833962
0 21 9 0.809066
0 21 10 0.785851
0 21 11 0.764425
0 21 12 0.744893
0 21 13 0.72736
0 21 14 0.711927
0 21 15 0.698688
0 21 16 0.687729
0 21 17 0.679123
0 21 18 0.672931
0 21 19 0.669197
0 21 20 0.667949
0 21 21 0.669197
0 21 22 0.672931
0 21 23 0.679123
0 21 24 0.687729
0 21 25 0.698688
0 21 26 0.711927
0 21 27 0.72736
0 21 28 0.744893
0 21 29 0.764425
0 21 30 0.785851
0 21 31 0.809066
0 21 32 0.833962
0 21 33 0.860434
0 21 34 0.888379
0 21 35 0.9177
0 21 36 0.948301
0 21 37 0.980093
0 21 38 1.01299
0 21 39 1.04692
0 21 40 1.0818
0 22 0 1.08444
0 22 1 1.04963
0 22 2 1.01577
0 22 3 0.982945
0 22 4 0.951223
0 22 5 0.920694
0 22 6 0.891445
0 22 7 0.863571
0 22 8 0.83717
0 22 9 0.812344
0 22 10 0.789197
0 22 11 0.767836
0 22 12 0.748365
0 22 13 0.73089
0 22 14 0.715509
0 22 15 0.702316
0 22 16 0.691395
0 22 17 0.68282
0 22 18 0.676651
0 22 19 0.672931
0 22 20 0.671688
0 22 21 0.672931
0 22 22 0.676651
0 22 23 0.68282
0 22 24 0.691395
0 22 25 0.702316
0 22 26 0.715509
0 22 27 0.73089
0 22 28 0.748365
0 22 29 0.767836
0 22 30 0.789197
0 22 31 0.812344
0 22 32 0.83717
0 22 33 0.863571
0 22 34 0.891445
0 22 35 0.920694
0 22 36 0.951223
0 22 37 0.982945
0 22 38 1.01577
0 22 39 1.04963
0 22 40 1.08444
0 23 0 1.08885
0 23 1 1.05414
0 23 2 1.0204
0 23 3 0.987684
0 23 4 0.95608
0 23 5 0.925668
0 23 6 0.896537
0 23 7 0.868781
0 23 8 0.842498
0 23 9 0.817786
0 23 10 0.794751
0 23 11 0.773497
0 23 12 0.754128
0 23 13 0.736747
0 23 14 0.721451
0 23 15 0.708333
0 23 16 0.697476
0 23 17 0.688952
0 23 18 0.68282
0 23 19 0.679123
0 23 20 0.677887
0 23 21 0.679123
0 23 22 0.68282
0 23 23 0.688952
0 23 24 0.697476
0 23 25 0.708333
0 23 26 0.721451
0 23 27 0.736747
0 23 28 0.754128
0 23 29 0.773497
0 23 30 0.794751
0 23 31 0.817786
0 23 32 0.842498
0 23 33 0.868781
0 23 34 0.896537
0 23 35 0.925668
0 23 36 0.95608
0 23 37 0.987684
0 23 38 1.0204
0 23 39 1.05414
0 23 40 1.08885
0 24 0 1.09499
0 24 1 1.06044
0 24 2 1.02685
0 24 3 0.994292
0 24 4 0.962848
0 24 5 0.932599
0 24 6 0.903632
0 24 7 0.876039
0 24 8 0.849916
0 24 9 0.825363
0 24 10 0.802482
0 24 11 0.781375
0 24 12 0.762145
0 24 13 0.744893
0 24 14 0.729715
0 24 15 0.7167
0 24 16 0.70593
0 24 17 0.697476
0 24 18 0.691395
0 24 19 0.687729
0 24 20 0.686504
0 24 21 0.687729
0 24 22 0.691395
0 24 23 0.697476
0 24 24 0.70593
0 24 25 0.7167
0 24 26 0.729715
0 24 27 0.744893
0 24 28 0.762145
0 24 29 0.781375
0 24 30 0.802482
0 24 31 0.825363
0 24 32 0.849916
0 24 33 0.876039
0 24 34 0.903632
0 24 35 0.932599
0 24 36 0.962848
0 24 37 0.994292
0 24 38 1.02685
0 24 39 1.06044
0 24 40 1.09499
0 25 0 1.10284
0 25 1 1.06848
0 25 2 1.03509
0 25 3 1.00274
0 25 4 0.971499
0 25 5 0.941455
0 25 6 0.912694
0 25 7 0.885306
0 25 8 0.859386
0 25 9 0.835032
0 25 10 0.812344
0 25 11 0.791422
0 25 12 0.772367
0 25 13 0.755277
0 25 14 0.740246
0 25 15 0.72736
0 25 16 0.7167
0 25 17 0.708333
0 25 18 0.702316
0 25 19 0.698688
0 25 20 0.697476
0 25 21 0.698688
0 25 22 0.702316
0 25 23 0.708333
0 25 24 0.7167
0 25 25 0.72736
0 25 26 0.740246
0 25 27 0.755277
0 25 28 0.772367
0 25 29 0.791422
0 25 30 0.812344
0 25 31 0.835032
0 25 32 0.859386
0 25 33 0.885306
0 25 34 0.912694
0 25 35 0.941455
0 25 36 0.971499
0 25 37 1.00274
0 25 38 1.03509
0 25 39 1.06848
0 25 40 1.10284
0 26 0 1.11238
0 26 1 1.07826
0 26 2 1.0451
0 26 3 1.01299
0 26 4 0.981995
0 26 5 0.952196
0 26 6 0.923681
0 26 7 0.896537
0 26 8 0.87086
0 26 9 0.846742
0 26 10 0.824284
0 26 11 0.803582
0 26 12 0.784734
0 26 13 0.767836
0 26 14 0.752978
0 26 15 0.740246
0 26 16 0.729715
0 26 17 0.721451
0 26 18 0.715509
0 26 19 0.711927
0 26 20 0.710731
0 26 21 0.711927
0 26 22 0.715509
0 26 23 0.721451
0 26 24 0.729715
0 26 25 0.740246
0 26 26 0.752978
0 26 27 0.767836
0 26 28 0.784734
0 26 29 0.803582
0 26 30 0.824284
0 26 31 0.846742
0 26 32 0.87086
0 26 33 0.896537
0 26 34 0.923681
0 26 35 0.952196
0 26 36 0.981995
0 26 37 1.01299
0 26 38 1.0451
0 26 39 1.07826
0 26 40 1.11238
0 27 0 1.12358
0 27 1 1.08973
0 27 2 1.05684
0 27 3 1.02501
0 27 4 0.994292
0 27 5 0.964776
0 27 6 0.936543
0 27 7 0.90968
0 27 8 0.88428
0 27 9 0.860434
0 27 10 0.838238
0 27 11 0.817786
0 27 12 0.799175
0 27 13 0.782496
0 27 14 0.767836
0 27 15 0.755277
0 27 16 0.744893
0 27 17 0.736747
0 27 18 0.73089
0 27 19 0.72736
0 27 20 0.726181
0 27 21 0.72736
0 27 22 0.73089
0 27 23 0.736747
0 27 24 0.744893
0 27 25 0.755277
0 27 26 0.767836
0 27 27 0.782496
0 27 28 0.799175
0 27 29 0.817786
0 27 30 0.838238
0 27 31 0.860434
0 27 32 0.88428
0 27 33 0.90968
0 27 34 0.936543
0 27 35 0.964776
0 27 36 0.994292
0 27 37 1.02501
0 27 38 1.05684
0 27 39 1.08973
0 27 40 1.12358
0 28 0 1.13639
0 28 1 1.10284
0 28 2 1.07027
0 28 3 1.03874
0 28 4 1.00834
0 28 5 0.979141
0 28 6 0.951223
0 28 7 0.924675
0 28 8 0.899583
0 28 9 0.876039
0 28 10 0.854134
0 28 11 0.833962
0 28 12 0.815613
0 28 13 0.799175
0 28 14 0.784734
0 28 15 0.772367
0 28 16 0.762145
0 28 17 0.754128
0 28 18 0.748365
0 28 19 0.744893
0 28 20 0.743733
0 28 21 0.744893
0 28 22 0.748365
0 28 23 0.754128
0 28 24 0.762145
0 28 25 0.772367
0 28 26 0.784734
0 28 27 0.799175
0 28 28 0.815613
0 28 29 0.833962
0 28 30 0.854134
0 28 31 0.876039
0 28 32 0.899583
0 28 33 0.924675
0 28 34 0.951223
0 28 35 0.979141
0 28 36 1.00834
0 28 37 1.03874
0 28 38 1.07027
0 28 39 1.10284
0 28 40 1.13639
0 29 0 1.15078
0 29 1 1.11756
0 29 2 1.08533
0 29 3 1.05414
0 29 4 1.02409
0 29 5 0.995233
0 29 6 0.967661
0 29 7 0.941455
0 29 8 0.9167
0 29 9 0.893484
0 29 10 0.871897
0 29 11 0.852027
0 29 12 0.833962
0 29 13 0.817786
0 29 14 0.803582
0 29 15 0.791422
0 29 16 0.781375
0 29 17 0.773497
0 29 18 0.767836
0 29 19 0.764425
0 29 20 0.763286
0 29 21 0.764425
0 29 22 0.767836
0 29 23 0.773497
0 29 24 0.781375
0 29 25 0.791422
0 29 26 0.803582
0 29 27 0.817787
0 29 28 0.833962
0 29 29 0.852027
0 29 30 0.871897
0 29 31 0.893484
0 29 32 0.9167
0 29 33 0.941455
0 29 34 0.967661
0 29 35 0.995233
0 29 36 1.02409
0 29 37 1.05414
0 29 38 1.08533
0 29 39 1.11756
0 29 40 1.15078
0 30 0 1.1667
0 30 1 1.13384
0 30 2 1.10197
0 30 3 1.07116
0 30 4 1.04147
0 30 5 1.01299
0 30 6 0.985791
0 30 7 0.959952
0 30 8 0.935558
0 30 9 0.912694
0 30 10 0.891445
0 30 11 0.871897
0 30 12 0.854134
0 30 13 0.838237
0 30 14 0.824284
0 30 15 0.812344
0 30 16 0.802482
0 30 17 0.794751
0 30 18 0.789197
0 30 19 0.785851
0 30 20 0.784734
0 30 21 0.785851
0 30 22 0.789197
0 30 23 0.794751
0 30 24 0.802482
0 30 25 0.812344
0 30 26 0.824284
0 30 27 0.838238
0 30 28 0.854134
0 30 29 0.871897
0 30 30 0.891445
0 30 31 0.912694
0 30 32 0.935558
0 30 33 0.959952
0 30 34 0.985791
0 30 35 1.01299
0 30 36 1.04147
0 30 37 1.07116
0 30 38 1.10197
0 30 39 1.13384
0 30 40 1.1667
0 31 0 1.1841
0 31 1 1.15162
0 31 2 1.12014
0 31 3 1.08973
0 31 4 1.06044
0 31 5 1.03235
0 31 6 1.00554
0 31 7 0.980093
0 31 8 0.95608
0 31 9 0.933586
0 31 10 0.912694
0 31 11 0.893484
0 31 12 0.876039
0 31 13 0.860434
0 31 14 0.846742
0 31 15 0.835032
0 31 16 0.825363
0 31 17 0.817786
0 31 18 0.812344
0 31 19 0.809066
0 31 20 0.807971
0 31 21 0.809066
0 31 22 0.812344
0 31 23 0.817786
0 31 24 0.825363
0 31 25 0.835032
0 31 26 0.846742
0 31 27 0.860434
0 31 28 0.876039
0 31 29 0.893484
0 31 30 0.912694
0 31 31 0.933586
0 31 32 0.95608
0 31 33 0.980093
0 31 34 1.00554
0 31 35 1.03235
0 31 36 1.06044
0 31 37 1.08973
0 31 38 1.12014
0 31 39 1.15162
0 31 40 1.1841
0 32 0 1.20293
0 32 1 1.17086
0 32 2 1.13979
0 32 3 1.10979
0 32 4 1.08091
0 32 5 1.05324
0 32 6 1.02685
0 32 7 1.0018
0 32 8 0.978188
0 32 9 0.95608
0 32 10 0.935558
0 32 11 0.9167
0 32 12 0.899583
0 32 13 0.88428
0 32 14 0.87086
0 32 15 0.859386
0 32 16 0.849916
0 32 17 0.842498
0 32 18 0.83717
0 32 19 0.833962
0 32 20 0.83289
0 32 21 0.833962
0 32 22 0.83717
0 32 23 0.842498
0 32 24 0.849916
0 32 25 0.859386
0 32 26 0.87086
0 32 27 0.88428
0 32 28 0.899583
0 32 29 0.9167
0 32 30 0.935558
0 32 31 0.95608
0 32 32 0.978188
0 32 33 1.0018
0 32 34 1.02685
0 32 35 1.05324
0 32 36 1.08091
0 32 37 1.10979
0 32 38 1.13979
0 32 39 1.17086
0 32 40 1.20293
0 33 0 1.22314
0 33 1 1.1915
0 33 2 1.16086
0 33 3 1.13128
0 33 4 1.10284
0 33 5 1.0756
0 33 6 1.04963
0 33 7 1.02501
0 33 8 1.0018
0 33 9 0.980093
0 33 10 0.959952
0 33 11 0.941455
0 33 12 0.924675
0 33 13 0.90968
0 33 14 0.896537
0 33 15 0.885306
0 33 16 0.876039
0 33 17 0.868781
0 33 18 0.863571
0 33 19 0.860434
0 33 20 0.859386
0 33 21 0.860434
0 33 22 0.863571
0 33 23 0.868781
0 33 24 0.876039
0 33 25 0.885306
0 33 26 0.896537
0 33 27 0.90968
0 33 28 0.924675
0 33 29 0.941455
0 33 30 0.959952
0 33 31 0.980093
0 33 32 1.0018
0 33 33 1.02501
0 33 34 1.04963
0 33 35 1.0756
0 33 36 1.10284
0 33 37 1.13128
0 33 38 1.16086
0 33 39 1.1915
0 33 40 1.22314
0 34 0 1.24467
0 34 1 1.21347
0 34 2 1.18328
0 34 3 1.15415
0 34 4 1.12615
0 34 5 1.09935
0 34 6 1.07382
0 34 7 1.04963
0 34 8 1.02685
0 34 9 1.00554
0 34 10 0.985791
0 34 11 0.967661
0 34 12 0.951223
0 34 13 0.936543
0 34 14 0.923681
0 34 15 0.912694
0 34 16 0.903632
0 34 17 0.896537
0 34 18 0.891445
0 34 19 0.888379
0 34 20 0.887356
0 34 21 0.888379
0 34 22 0.891445
0 34 23 0.896537
0 34 24 0.903632
0 34 25 0.912694
0 34 26 0.923681
0 34 27 0.936543
0 34 28 0.951223
0 34 29 0.967661
0 34 30 0.985791
0 34 31 1.00554
0 34 32 1.02685
0 34 33 1.04963
0 34 34 1.07382
0 34 35 1.09935
0 34 36 1.12615
0 34 37 1.15415
0 34 38 1.18328
0 34 39 1.21347
0 34 40 1.24467
0 35 0 1.26748
0 35 1 1.23673
0 35 2 1.20699
0 35 3 1.17832
0 35 4 1.15078
0 35 5 1.12444
0 35 6 1.09935
0 35 7 1.0756
0 35 8 1.05324
0 35 9 1.03235
0 35 10 1.01299
0 35 11 0.995233
0 35 12 0.979141
0 35 13 0.964775
0 35 14 0.952196
0 35 15 0.941455
0 35 16 0.932599
0 35 17 0.925668
0 35 18 0.920694
0 35 19 0.9177
0 35 20 0.9167
0 35 21 0.9177
0 35 22 0.920694
0 35 23 0.925668
0 35 24 0.932599
0 35 25 0.941455
0 35 26 0.952196
0 35 27 0.964776
0 35 28 0.979141
0 35 29 0.995233
0 35 30 1.01299
0 35 31 1.03235
0 35 32 1.05324
0 35 33 1.0756
0 35 34 1.09935
0 35 35 1.12444
0 35 36 1.15078
0 35 37 1.17832
0 35 38 1.20699
0 35 39 1.23673
0 35 40 1.26748
0 36 0 1.29151
0 36 1 1.26122
0 36 2 1.23195
0 36 3 1.20374
0 36 4 1.17667
0 36 5 1.15078
0 36 6 1.12615
0 36 7 1.10284
0 36 8 1.08091
0 36 9 1.06044
0 36 10 1.04147
0 36 11 1.02409
0 36 12 1.00834
0 36 13 0.994292
0 36 14 0.981995
0 36 15 0.971499
0 36 16 0.962848
0 36 17 0.95608
0 36 18 0.951223
0 36 19 0.948301
0 36 20 0.947325
0 36 21 0.948301
0 36 22 0.951223
0 36 23 0.95608
0 36 24 0.962848
0 36 25 0.971499
0 36 26 0.981995
0 36 27 0.994292
0 36 28 1.00834
0 36 29 1.02409
0 36 30 1.04147
0 36 31 1.06044
0 36 32 1.08091
0 36 33 1.10284
0 36 34 1.12615
0 36 35 1.15078
0 36 36 1.17667
0 36 37 1.20374
0 36 38 1.23195
0 36 39 1.26122
0 36 40 1.29151
0 37 0 1.3167
0 37 1 1.28689
0 37 2 1.25808
0 37 3 1.23035
0 37 4 1.20374
0 37 5 1.17832
0 37 6 1.15415
0 37 7 1.13128
0 37 8 1.10979
0 37 9 1.08973
0 37 10 1.07116
0 37 11 1.05414
0 37 12 1.03874
0 37 13 1.02501
0 37 14 1.01299
0 37 15 1.00274
0 37 16 0.994292
0 37 17 0.987684
0 37 18 0.982945
0 37 19 0.980093
0 37 20 0.979141
0 37 21 0.980093
0 37 22 0.982945
0 37 23 0.987684
0 37 24 0.994292
0 37 25 1.00274
0 37 26 1.01299
0 37 27 1.02501
0 37 28 1.03874
0 37 29 1.05414
0 37 30 1.07116
0 37 31 1.08973
0 37 32 1.10979
0 37 33 1.13128
0 37 34 1.15415
0 37 35 1.17832
0 37 36 1.20374
0 37 37 1.23035
0 37 38 1.25808
0 37 39 1.28689
0 37 40 1.3167
0 38 0 1.34301
0 38 1 1.31367
0 38 2 1.28534
0 38 3 1.25808
0 38 4 1.23195
0 38 5 1.20699
0 38 6 1.18328
0 38 7 1.16086
0 38 8 1.13979
0 38 9 1.12014
0 38 10 1.10197
0 38 11 1.08533
0 38 12 1.07027
0 38 13 1.05684
0 38 14 1.0451
0 38 15 1.03509
0 38 16 1.02685
0 38 17 1.0204
0 38 18 1.01577
0 38 19 1.01299
0 38 20 1.01206
0 38 21 1.01299
0 38 22 1.01577
0 38 23 1.0204
0 38 24 1.02685
0 38 25 1.03509
0 38 26 1.0451
0 38 27 1.05684
0 38 28 1.07027
0 38 29 1.08533
0 38 30 1.10197
0 38 31 1.12014
0 38 32 1.13979
0 38 33 1.16086
0 38 34 1.18328
0 38 35 1.20699
0 38 36 1.23195
0 38 37 1.25808
0 38 38 1.28534
0 38 39 1.31367
0 38 40 1.34301
0 39 0 1.37037
0 39 1 1.34151
0 39 2 1.31367
0 39 3 1.28689
0 39 4 1.26122
0 39 5 1.23673
0 39 6 1.21347
0 39 7 1.1915
0 39 8 1.17086
0 39 9 1.15162
0 39 10 1.13384
0 39 11 1.11756
0 39 12 1.10284
0 39 13 1.08973
0 39 14 1.07826
0 39 15 1.06848
0 39 16 1.06044
0 39 17 1.05414
0 39 18 1.04963
0 39 19 1.04692
0 39 20 1.04601
0 39 21 1.04692
0 39 22 1.04963
0 39 23 1.05414
0 39 24 1.06044
0 39 25 1.06848
0 39 26 1.07826
0 39 27 1.08973
0 39 28 1.10284
0 39 29 1.11756
0 39 30 1.13384
0 39 31 1.15162
0 39 32 1.17086
0 39 33 1.1915
0 39 34 1.21347
0 39 35 1.23673
0 39 36 1.26122
0 39 37 1.28689
0 39 38 1.31367
0 39 39 1.34151
0 39 40 1.37037
0 40 0 1.39875
0 40 1 1.37037
0 40 2 1.34301
0 40 3 1.3167
0 40 4 1.29151
0 40 5 1.26748
0 40 6 1.24467
0 40 7 1.22314
0 40 8 1.20293
0 40 9 1.1841
0 40 10 1.1667
0 40 11 1.15078
0 40 12 1.13639
0 40 13 1.12358
0 40 14 1.11238
0 40 15 1.10284
0 40 16 1.09499
0 40 17 1.08885
0 40 18 1.08444
0 40 19 1.0818
0 40 20 1.08091
0 40 21 1.0818
0 40 22 1.08444
0 40 23 1.08885
0 40 24 1.09499
0 40 25 1.10284
0 40 26 1.11238
0 40 27 1.12358
0 40 28 1.13639
0 40 29 1.15078
0 40 30 1.1667
0 40 31 1.1841
0 40 32 1.20293
0 40 33 1.22314
0 40 34 1.24467
0 40 35 1.26748
0 40 36 1.29151
0 40 37 1.3167
0 40 38 1.34301
0 40 39 1.37037
0 40 40 1.39875
0 41 0 0.15
0 41 1 0.15
0 41 2 0.15
0 41 3 0.15
0 41 4 0.15
0 41 5 0.15
0 41 6 0.15
0 41 7 0.15
0 41 8 0.15
0 41 9 0.15
0 41 10 0.15
0 41 11 0.15
0 41 12 0.15
0 41 13 0.15
0 41 14 0.15
0 41 15 0.15
0 41 16 0.15
0 41 17 0.15
0 41 18 0.15
0 41 19 0.15
0 41 20 0.15
0 41 21 0.15
0 41 22 0.15
0 41 23 0.15
0 41 24 0.15
0 41 25 0.15
0 41 26 0.15
0 41 27 0.15
0 41 28 0.15
0 41 29 0.15
0 41 30 0.15
0 41 31 0.15
0 41 32 0.15
0 41 33 0.15
0 41 34 0.15
0 41 35 0.15
0 41 36 0.15
0 41 37 0.15
0 41 38 0.15
0 41 39 0.15
0 41 40 0.15
0 42 0 0.15
0 42 1 0.15
0 42 2 0.15
0 42 3 0.15
0 42 4 0.15
0 42 5 0.15
0 42 6 0.15
0 42 7 0.15
0 42 8 0.15
0 42 9 0.15
0 42 10 0.15
0 42 11 0.15
0 42 12 0.15
0 42 13 0.15
0 42 14 0.15
0 42 15 0.15
0 42 16 0.15
0 42 17 0.15
0 42 18 0.15
0 42 19 0.15
0 42 20 0.15
0 42 21 0.15
0 42 22 0.15
0 42 23 0.15
0 42 24 0.15
0 42 25 0.15
0 42 26 0.15
0 42 27 0.15
0 42 28 0.15
0 42 29 0.15
0 42 30 0.15
0 42 31 0.15
0 42 32 0.15
0 42 33 0.15
0 42 34 0.15
0 42 35 0.15
0 42 36 0.15
0 42 37 0.15
0 42 38 0.15
0 42 39 0.15
0 42 40 0.15
0 43 0 0.15
0 43 1 0.15
0 43 2 0.15
0 43 3 0.15
0 43 4 0.15
0 43 5 0.15
0 43 6 0.15
0 43 7 0.15
0 43 8 0.15
0 43 9 0.15
0 43 10 0.15
0 43 11 0.15
0 43 12 0.15
0 43 13 0.15
0 43 14 0.15
0 43 15 0.15
0 43 16 0.15
0 43 17 0.15
0 43 18 0.15
0 43 19 0.15
0 43 20 0.15
0 43 21 0.15
0 43 22 0.15
0 43 23 0.15
0 43 24 0.15
0 43 25 0.15
0 43 26 0.15
0 43 27 0.15
0 43 28 0.15
0 43 29 0.15
0 43 30 0.15
0 43 31 0.15
0 43 32 0.15
0 43 33 0.15
0 43 34 0.15
0 43 35 0.15
0 43 36 0.15
0 43 37 0.15
0 43 38 0.15
0 43 39 0.15
0 43 40 0.15
0 44 0 0.15
0 44 1 0.15
0 44 2 0.15
0 44 3 0.15
0 44 4 0.15
0 44 5 0.15
0 44 6 0.15
0 44 7 0.15
0 44 8 0.15
0 44 9 0.15
0 44 10 0.15
0 44 11 0.15
0 44 12 0.15
0 44 13 0.15
0 44 14 0.15
0 44 15 0.15
0 44 16 0.15
0 44 17 0.15
0 44 18 0.15
0 44 19 0.15
0 44 20 0.15
0 44 21 0.15
0 44 22 0.15
0 44 23 0.15
0 44 24 0.15
0 44 25 0.15
0 44 26 0.15
0 44 27 0.15
0 44 28 0.15
0 44 29 0.15
0 44 30 0.15
0 44 31 0.15
0 44 32 0.15
0 44 33 0.15
0 44 34 0.15
0 44 35 0.15
0 44 36 0.15
0 44 37 0.15
0 44 38 0.15
0 44 39 0.15
0 44 40 0.15
0 45 0 0.15
0 45 1 0.15
0 45 2 0.15
0 45 3 0.15
0 45 4 0.15
0 45 5 0.15
0 45 6 0.15
0 45 7 0.15
0 45 8 0.15
0 45 9 0.15
0 45 10 0.15
0 45 11 0.15
0 45 12 0.15
0 45 13 0.15
0 45 14 0.15
0 45 15 0.15
0 45 16 0.15
0 45 17 0.15
0 45 18 0.15
0 45 19 0.15
0 45 20 0.15
0 45 21 0.15
0 45 22 0.15
0 45 23 0.15
0 45 24 0.15
0 45 25 0.15
0 45 26 0.15
0 45 27 0.15
0 45 28 0.15
0 45 29 0.15
0 45 30 0.15
0 45 31 0.15
0 45 32 0.15
0 45 33 0.15
0 45 34 0.15
0 45 35 0.15
0 45 36 0.15
0 45 37 0.15
0 45 38 0.15
0 45 39 0.15
0 45 40 0.15
0 46 0 0.15
0 46 1 0.15
0 46 2 0.15
0 46 3 0.15
0 46 4 0.15
0 46 5 0.15
0 46 6 0.15
0 46 7 0.15
0 46 8 0.15
0 46 9 0.15
0 46 10 0.15
0 46 11 0.15
0 46 12 0.15
0 46 13 0.15
0 46 14 0.15
0 46 15 0.15
0 46 16 0.15
0 46 17 0.15
0 46 18 0.15
0 46 19 0.15
0 46 20 0.15
0 46 21 0.15
0 46 22 0.15
0 46 23 0.15
0 46 24 0.15
0 46 25 0.15
0 46 26 0.15
0 46 27 0.15
0 46 28 0.15
0 46 29 0.15
0 46 30 0.15
0 46 31 0.15
0 46 32 0.15
0 46 33 0.15
0 46 34 0.15
0 46 35 0.15
0 46 36 0.15
0 46 37 0.15
0 46 38 0.15
0 46 39 0.15
0 46 40 0.15
0 47 0 0.15
0 47 1 0.15
0 47 2 0.15
0 47 3 0.15
0 47 4 0.15
0 47 5 0.15
0 47 6 0.15
0 47 7 0.15
0 47 8 0.15
0 47 9 0.15
0 47 10 0.15
0 47 11 0.15
0 47 12 0.15
0 47 13 0.15
0 47 14 0.15
0 47 15 0.15
0 47 16 0.15
0 47 17 0.15
0 47 18 0.15
0 47 19 0.15
0 47 20 0.15
0 47 21 0.15
0 47 22 0.15
0 47 23 0.15
0 47 24 0.15
0 47 25 0.15
0 47 26 0.15
0 47 27 0.15
0 47 28 0.15
0 47 29 0.15
0 47 30 0.15
0 47 31 0.15
0 47 32 0.15
0 47 33 0.15
0 47 34 0.15
0 47 35 0.15
0 47 36 0.15
0 47 37 0.15
0 47 38 0.15
0 47 39 0.15
0 47 40 0.15
0 48 0 0.15
0 48 1 0.15
0 48 2 0.15
0 48 3 0.15
0 48 4 0.15
0 48 5 0.15
0 48 6 0.15
0 48 7 0.15
0 48 8 0.15
0 48 9 0.15
0 48 10 0.15
0 48 11 0.15
0 48 12 0.15
0 48 13 0.15
0 48 14 0.15
0 48 15 0.15
0 48 16 0.15
0 48 17 0.15
0 48 18 0.15
0 48 19 0.15
0 48 20 0.15
0 48 21 0.15
0 48 22 0.15
0 48 23 0.15
0 48 24 0.15
0 48 25 0.15
0 48 26 0.15
0 48 27 0.15
0 48 28 0.15
0 48 29 0.15
0 48 30 0.15
0 48 31 0.15
0 48 32 0.15
0 48 33 0.15
0 48 34 0.15
0 48 35 0.15
0 48 36 0.15
0 48 37 0.15
0 48 38 0.15
0 48 39 0.15
0 48 40 0.15
0 49 0 0.15
0 49 1 0.15
0 49 2 0.15
0 49 3 0.15
0 49 4 0.15
0 49 5 0.15
0 49 6 0.15
0 49 7 0.15
0 49 8 0.15
0 49 9 0.15
0 49 10 0.15
0 49 11 0.15
0 49 12 0.15
0 49 13 0.15
0 49 14 0.15
0 49 15 0.15
0 49 16 0.15
0 49 17 0.15
0 49 18 0.15
0 49 19 0.15
0 49 20 0.15
0 49 21 0.15
0 49 22 0.15
0 49 23 0.15
0 49 24 0.15
0 49 25 0.15
0 49 26 0.15
0 49 27 0.15
0 49 28 0.15
0 49 29 0.15
0 49 30 0.15
0 49 31 0.15
0 49 32 0.15
0 49 33 0.15
0 49 34 0.15
0 49 35 0.15
0 49 36 0.15
0 49 37 0.15
0 49 38 0.15
0 49 39 0.15
0 49 40 0.15
0 50 0 0.15
0 50 1 0.15
0 50 2 0.15
0 50 3 0.15
0 50 4 0.15
0 50 5 0.15
0 50 6 0.15
0 50 7 0.15
0 50 8 0.15
0 50 9 0.15
0 50 10 0.15
0 50 11 0.15
0 50 12 0.15
0 50 13 0.15
0 50 14 0.15
0 50 15 0.15
0 50 16 0.15
0 50 17 0.15
0 50 18 0.15
0 50 19 0.15
0 50 20 0.15
0 50 21 0.15
0 50 22 0.15
0 50 23 0.15
0 50 24 0.15
0 50 25 0.15
0 50 26 0.15
0 50 27 0.15
0 50 28 0.15
0 50 29 0.15
0 50 30 0.15
0 50 31 0.15
0 50 32 0.15
0 50 33 0.15
0 50 34 0.15
0 50 35 0.15
0 50 36 0.15
0 50 37 0.15
0 50 38 0.15
0 50 39 0.15
0 50 40 0.15
0 51 0 0.15
0 51 1 0.15
0 51 2 0.15
0 51 3 0.15
0 51 4 0.15
0 51 5 0.15
0 51 6 0.15
0 51 7 0.15
0 51 8 0.15
0 51 9 0.15
0 51 10 0.15
0 51 11 0.15
0 51 12 0.15
0 51 13 0.15
0 51 14 0.15
0 51 15 0.15
0 51 16 0.15
0 51 17 0.15
0 51 18 0.15
0 51 19 0.15
0 51 20 0.15
0 51 21 0.15
0 51 22 0.15
0 51 23 0.15
0 51 24 0.15
0 51 25 0.15
0 51 26 0.15
0 51 27 0.15
0 51 28 0.15
0 51 29 0.15
0 51 30 0.15
0 51 31 0.15
0 51 32 0.15
0 51 33 0.15
0 51 34 0.15
0 51 35 0.15
0 51 36 0.15
0 51 37 0.15
0 51 38 0.15
0 51 39 0.15
0 51 40 0.15
0 52 0 0.15
0 52 1 0.15
0 52 2 0.15
0 52 3 0.15
0 52 4 0.15
0 52 5 0.15
0 52 6 0.15
0 52 7 0.15
0 52 8 0.15
0 52 9 0.15
0 52 10 0.15
0 52 11 0.15
0 52 12 0.15
0 52 13 0.15
0 52 14 0.15
0 52 15 0.15
0 52 16 0.15
0 52 17 0.15
0 52 18 0.15
0 52 19 0.15
0 52 20 0.15
0 52 21 0.15
0 52 22 0.15
0 52 23 0.15
0 52 24 0.15
0 52 25 0.15
0 52 26 0.15
0 52 27 0.15
0 52 28 0.15
0 52 29 0.15
0 52 30 0.15
0 52 31 0.15
0 52 32 0.15
0 52 33 0.15
0 52 34 0.15
0 52 35 0.15
0 52 36 0.15
0 52 37 0.15
0 52 38 0.15
0 52 39 0.15
0 52 40 0.15
0 53 0 0.15
0 53 1 0.15
0 53 2 0.15
0 53 3 0.15
0 53 4 0.15
0 53 5 0.15
0 53 6 0.15
0 53 7 0.15
0 53 8 0.15
0 53 9 0.15
0 53 10 0.15
0 53 11 0.15
0 53 12 0.15
0 53 13 0.15
0 53 14 0.15
0 53 15 0.15
0 53 16 0.15
0 53 17 0.15
0 53 18 0.15
0 53 19 0.15
0 53 20 0.15
0 53 21 0.15
0 53 22 0.15
0 53 23 0.15
0 53 24 0.15
0 53 25 0.15
0 53 26 0.15
0 53 27 0.15
0 53 28 0.15
0 53 29 0.15
0 53 30 0.15
0 53 31 0.15
0 53 32 0.15
0 53 33 0.15
0 53 34 0.15
0 53 35 0.15
0 53 36 0.15
0 53 37 0.15
0 53 38 0.15
0 53 39 0.15
0 53 40 0.15
0 54 0 0.15
0 54 1 0.15
0 54 2 0.15
0 54 3 0.15
0 54 4 0.15
0 54 5 0.15
0 54 6 0.15
0 54 7 0.15
0 54 8 0.15
0 54 9 0.15
0 54 10 0.15
0 54 11 0.15
0 54 12 0.15
0 54 13 0.15
0 54 14 0.15
0 54 15 0.15
0 54 16 0.15
0 54 17 0.15
0 54 18 0.15
0 54 19 0.15
0 54 20 0.15
0 54 21 0.15
0 54 22 0.15
0 54 23 0.15
0 54 24 0.15
0 54 25 0.15
0 54 26 0.15
0 54 27 0.15
0 54 28 0.15
0 54 29 0.15
0 54 30 0.15
0 54 31 0.15
0 54 32 0.15
0 54 33 0.15
0 54 34 0.15
0 54 35 0.15
0 54 36 0.15
0 54 37 0.15
0 54 38 0.15
0 54 39 0.15
0 54 40 0.15
0 55 0 0.15
0 55 1 0.15
0 55 2 0.15
0 55 3 0.15
0 55 4 0.15
0 55 5 0.15
0 55 6 0.15
0 55 7 0.15
0 55 8 0.15
0 55 9 0.15
0 55 10 0.15
0 55 11 0.15
0 55 12 0.15
0 55 13 0.15
0 55 14 0.15
0 55 15 0.15
0 55 16 0.15
0 55 17 0.15
0 55 18 0.15
0 55 19 0.15
0 55 20 0.15
0 55 21 0.15
0 55 22 0.15
0 55 23 0.15
0 55 24 0.15
0 55 25 0.15
0 55 26 0.15
0 55 27 0.15
0 55 28 0.15
0 55 29 0.15
0 55 30 0.15
0 55 31 0.15
0 55 32 0.15
0 55 33 0.15
0 55 34 0.15
0 55 35 0.15
0 55 36 0.15
0 55 37 0.15
0 55 38 0.15
0 55 39 0.15
0 55 40 0.15
0 56 0 0.15
0 56 1 0.15
0 56 2 0.15
0 56 3 0.15
0 56 4 0.15
0 56 5 0.15
0 56 6 0.15
0 56 7 0.15
0 56 8 0.15
0 56 9 0.15
0 56 10 0.15
0 56 11 0.15
0 56 12 0.15
0 56 13 0.15
0 56 14 0.15
0 56 15 0.15
0 56 16 0.15
0 56 17 0.15
0 56 18 0.15
0 56 19 0.15
0 56 20 0.15
0 56 21 0.15
0 56 22 0.15
0 56 23 0.15
0 56 24 0.15
0 56 25 0.15
0 56 26 0.15
0 56 27 0.15
0 56 28 0.15
0 56 29 0.15
0 56 30 0.15
0 56 31 0.15
0 56 32 0.15
0 56 33 0.15
0 56 34 0.15
0 56 35 0.15
0 56 36 0.15
0 56 37 0.15
0 56 38 0.15
0 56 39 0.15
0 56 40 0.15
0 57 0 0.15
0 57 1 0.15
0 57 2 0.15
0 57 3 0.15
0 57 4 0.15
0 57 5 0.15
0 57 6 0.15
0 57 7 0.15
0 57 8 0.15
0 57 9 0.15
0 57 10 0.15
0 57 11 0.15
0 57 12 0.15
0 57 13 0.15
0 57 14 0.15
0 57 15 0.15
0 57 16 0.15
0 57 17 0.15
0 57 18 0.15
0 57 19 0.15
0 57 20 0.15
0 57 21 0.15
0 57 22 0.15
0 57 23 0.15
0 57 24 0.15
0 57 25 0.15
0 57 26 0.15
0 57 27 0.15
0 57 28 0.15
0 57 29 0.15
0 57 30 0.15
0 57 31 0.15
0 57 32 0.15
0 57 33 0.15
0 57 34 0.15
0 57 35 0.15
0 57 36 0.15
0 57 37 0.15
0 57 38 0.15
0 57 39 0.15
0 57 40 0.15
0 58 0 0.15
0 58 1 0.15
0 58 2 0.15
0 58 3 0.15
0 58 4 0.15
0 58 5 0.15
0 58 6 0.15
0 58 7 0.15
0 58 8 0.15
0 58 9 0.15
0 58 10 0.15
0 58 11 0.15
0 58 12 0.15
0 58 13 0.15
0 58 14 0.15
0 58 15 0.15
0 58 16 0.15
0 58 17 0.15
0 58 18 0.15
0 58 19 0.15
0 58 20 0.15
0 58 21 0.15
0 58 22 0.15
0 58 23 0.15
0 58 24 0.15
0 58 25 0.15
0 58 26 0.15
0 58 27 0.15
0 58 28 0.15
0 58 29 0.15
0 58 30 0.15
0 58 31 0.15
0 58 32 0.15
0 58 33 0.15
0 58 34 0.15
0 58 35 0.15
0 58 36 0.15
0 58 37 0.15
0 58 38 0.15
0 58 39 0.15
0 58 40 0.15
0 59 0 0.15
0 59 1 0.15
0 59 2 0.15
0 59 3 0.15
0 59 4 0.15
0 59 5 0.15
0 59 6 0.15
0 59 7 0.15
0 59 8 0.15
0 59 9 0.15
0 59 10 0.15
0 59 11 0.15
0 59 12 0.15
0 59 13 0.15
0 59 14 0.15
0 59 15 0.15
0 59 16 0.15
0 59 17 0.15
0 59 18 0.15
0 59 19 0.15
0 59 20 0.15
0 59 21 0.15
0 59 22 0.15
0 59 23 0.15
0 59 24 0.15
0 59 25 0.15
0 59 26 0.15
0 59 27 0.15
0 59 28 0.15
0 59 29 0.15
0 59 30 0.15
0 59 31 0.15
0 59 32 0.15
0 59 33 0.15
0 59 34 0.15
0 59 35 0.15
0 59 36 0.15
0 59 37 0.15
0 59 38 0.15
0 59 39 0.15
0 59 40 0.15
0 60 0 0.15
0 60 1 0.15
0 60 2 0.15
0 60 3 0.15
0 60 4 0.15
0 60 5 0.15
0 60 6 0.15
0 60 7 0.15
0 60 8 0.15
0 60 9 0.15
0 60 10 0.15
0 60 11 0.15
0 60 12 0.15
0 60 13 0.15
0 60 14 0.15
0 60 15 0.15
0 60 16 0.15
0 60 17 0.15
0 60 18 0.15
0 60 19 0.15
0 60 20 0.15
0 60 21 0.15
0 60 22 0.15
0 60 23 0.15
0 60 24 0.15
0 60 25 0.15
0 60 26 0.15
0 60 27 0.15
0 60 28 0.15
0 60 29 0.15
0 60 30 0.15
0 60 31 0.15
0 60 32 0.15
0 60 33 0.15
0 60 34 0.15
0 60 35 0.15
0 60 36 0.15
0 60 37 0.15
0 60 38 0.15
0 60 39 0.15
0 60 40 0.15
1 0 0 1.37037
1 0 1 1.34151
1 0 2 1.31367
1 0 3 1.28689
1 0 4 1.26122
1 0 5 1.23673
1 0 6 1.21347
1 0 7 1.1915
1 0 8 1.17086
1 0 9 1.15162
1 0 10 1.13384
1 0 11 1.11756
1 0 12 1.10284
1 0 13 1.08972
1 0 14 1.07826
1 0 15 1.06848
1 0 16 1.06044
1 0 17 1.05414
1 0 18 1.04963
1 0 19 1.04692
1 0 20 1.04601
1 0 21 1.04692
1 0 22 1.04963
1 0 23 1.05414
1 0 24 1.06044
1 0 25 1.06848
1 0 26 1.07826
1 0 27 1.08972
1 0 28 1.10284
1 0 29 1.11756
1 0 30 1.13384
1 0 31 1.15162
1 0 32 1.17086
1 0 33 1.1915
1 0 34 1.21347
1 0 35 1.23673
1 0 36 1.26122
1 0 37 1.28689
1 0 38 1.31367
1 0 39 1.34151
1 0 40 1.37037
1 1 0 1.34151
1 1 1 1.31215
1 1 2 1.2838
1 1 3 1.25651
1 1 4 1.23035
1 1 5 1.20537
1 1 6 1.18163
1 1 7 1.15918
1 1 8 1.13809
1 1 9 1.11842
1 1 10 1.10023
1 1 11 1.08356
1 1 12 1.06848
1 1 13 1.05504
1 1 14 1.04329
1 1 15 1.03326
1 1 16 1.02501
1 1 17 1.01855
1 1 18 1.01392
1 1 19 1.01113
1 1 20 1.0102
1 1 21 1.01113
1 1 22 1.01392
1 1 23 1.01855
1 1 24 1.02501
1 1 25 1.03326
1 1 26 1.04329
1 1 27 1.05504
1 1 28 1.06848
1 1 29 1.08356
1 1 30 1.10023
1 1 31 1.11842
1 1 32 1.13809
1 1 33 1.15918
1 1 34 1.18163
1 1 35 1.20537
1 1 36 1.23035
1 1 37 1.25651
1 1 38 1.2838
1 1 39 1.31215
1 1 40 1.34151
1 2 0 1.31367
1 2 1 1.2838
1 2 2 1.25494
1 2 3 1.22715
1 2 4 1.20049
1 2 5 1.17501
1 2 6 1.15078
1 2 7 1.12786
1 2 8 1.10632
1 2 9 1.08621
1 2 10 1.06759
1 2 11 1.05054
1 2 12 1.03509
1 2 13 1.02132
1 2 14 1.00927
1 2 15 0.998991
1 2 16 0.99052
1 2 17 0.983894
1 2 18 0.97914
1 2 19 0.97628
1 2 20 0.975325
1 2 21 0.97628
1 2 22 0.97914
1 2 23 0.983894
1 2 24 0.99052
1 2 25 0.998991
1 2 26 1.00927
1 2 27 1.02132
1 2 28 1.03509
1 2 29 1.05054
1 2 30 1.06759
1 2 31 1.08621
1 2 32 1.10632
1 2 33 1.12786
1 2 34 1.15078
1 2 35 1.17501
1 2 36 1.20049
1 2 37 1.22715
1 2 38 1.25494
1 2 39 1.2838
1 2 40 1.31367
1 3 0 1.28689
1 3 1 1.25651
1 3 2 1.22715
1 3 3 1.19886
1 3 4 1.17169
1 3 5 1.14572
1 3 6 1.121
1 3 7 1.09761
1 3 8 1.0756
1 3 9 1.05504
1 3 10 1.03601
1 3 11 1.01855
1 3 12 1.00274
1 3 13 0.98863
1 3 14 0.97628
1 3 15 0.965738
1 3 16 0.957049
1 3 17 0.95025
1 3 18 0.945371
1 3 19 0.942435
1 3 20 0.941455
1 3 21 0.942435
1 3 22 0.945371
1 3 23 0.95025
1 3 24 0.957049
1 3 25 0.965738
1 3 26 0.97628
1 3 27 0.98863
1 3 28 1.00274
1 3 29 1.01855
1 3 30 1.03601
1 3 31 1.05504
1 3 32 1.0756
1 3 33 1.09761
1 3 34 1.121
1 3 35 1.14572
1 3 36 1.17169
1 3 37 1.19886
1 3 38 1.22715
1 3 39 1.25651
1 3 40 1.28689
1 4 0 1.26122
1 4 1 1.23035
1 4 2 1.20049
1 4 3 1.17169
1 4 4 1.14403
1 4 5 1.11756
1 4 6 1.09236
1 4 7 1.06848
1 4 8 1.04601
1 4 9 1.02501
1 4 10 1.00554
1 4 11 0.987684
1 4 12 0.971499
1 4 13 0.957049
1 4 14 0.944393
1 4 15 0.933586
1 4 16 0.924675
1 4 17 0.9177
1 4 18 0.912694
